0, 0, 5.79e+10, 0, 1.082e+11, 0, 1.496e+11, 0, 2.279e+11, 0, 7.784e+11, 0, 1.427e+12, 0, 2.87e+12, 0
1050.13, 2.97104, 5.77523e+10, 4.13856e+09, 1.08158e+11, 3.024e+09, 1.49578e+11, 2.57472e+09, 2.2789e+11, 2.08224e+09, 7.78399e+11, 1.13184e+09, 1.427e+12, 8.3808e+08, 2.87e+12, 5.8752e+08
459561, 21150.5, 4.12581e+09, 5.78948e+10, 9.00758e+10, 5.99244e+10, 1.39949e+11, 5.29039e+10, 2.23709e+11, 4.34592e+10, 7.7804e+11, 2.3765e+10, 1.42689e+12, 1.75992e+10, 2.86997e+12, 1.23379e+10
1.7197e+06, 142450, -5.6761e+10, 1.2858e+10, 4.45413e+10, 9.85581e+10, 1.13929e+11, 9.70374e+10, 2.12061e+11, 8.33855e+10, 7.77027e+11, 4.63782e+10, 1.42659e+12, 3.4358e+10, 2.8699e+12, 2.4088e+10
3.72002e+06, 414568, -2.135e+10, -5.40405e+10, -1.45765e+10, 1.07124e+11, 7.45757e+10, 1.29815e+11, 1.93334e+11, 1.20527e+11, 7.75362e+11, 6.89524e+10, 1.42609e+12, 5.11121e+10, 2.86978e+12, 3.58378e+10
6.411e+06, 855541, 5.02265e+10, -2.88543e+10, -6.92368e+10, 8.29741e+10, 2.65042e+10, 1.47417e+11, 1.6815e+11, 1.53643e+11, 7.73047e+11, 9.14687e+10, 1.4254e+12, 6.78593e+10, 2.8696e+12, 4.75869e+10
9.75309e+06, 1.4797e+06, 3.56517e+10, 4.57069e+10, -1.02724e+11, 3.34576e+10, -2.46614e+10, 1.47809e+11, 1.37345e+11, 1.81621e+11, 7.70082e+11, 1.13908e+11, 1.42451e+12, 8.45972e+10, 2.86938e+12, 5.93353e+10
1.36963e+07, 2.29036e+06, -4.00759e+10, 4.21354e+10, -1.04778e+11, -2.62935e+10, -7.29518e+10, 1.3097e+11, 1.01946e+11, 2.03521e+11, 7.66471e+11, 1.36252e+11, 1.42343e+12, 1.01324e+11, 2.86912e+12, 7.10827e+10
1.81972e+07, 3.25452e+06, -4.77911e+10, -3.31432e+10, -7.47672e+10, -7.79993e+10, -1.12748e+11, 9.88837e+10, 6.31328e+10, 2.18604e+11, 7.62216e+11, 1.58481e+11, 1.42215e+12, 1.18036e+11, 2.8688e+12, 8.28289e+10
2.32583e+07, 4.31935e+06, 2.56128e+10, -5.20263e+10, -2.18838e+10, -1.05852e+11, -1.39432e+11, 5.52982e+10, 2.22044e+10, 2.26356e+11, 7.57323e+11, 1.80578e+11, 1.42067e+12, 1.34733e+11, 2.86844e+12, 9.45737e+10
2.89263e+07, 5.46191e+06, 5.50719e+10, 1.79968e+10, 3.76965e+10, -1.01367e+11, -1.4991e+11, 5.28714e+09, -1.94678e+10, 2.26507e+11, 7.51793e+11, 2.02523e+11, 1.419e+12, 1.51411e+11, 2.86802e+12, 1.06317e+11
3.52456e+07, 6.70644e+06, -9.89512e+09, 5.72321e+10, 8.57865e+10, -6.59456e+10, -1.42971e+11, -4.53374e+10, -6.04835e+10, 2.19042e+11, 7.45633e+11, 2.24297e+11, 1.41714e+12, 1.68069e+11, 2.86756e+12, 1.18058e+11
4.22303e+07, 8.09097e+06, -5.81512e+10, -1.09487e+09, 1.07737e+11, -1.04166e+10, -1.19415e+11, -9.06931e+10, -9.9461e+10, 2.04205e+11, 7.38847e+11, 2.45884e+11, 1.41509e+12, 1.84704e+11, 2.86706e+12, 1.29798e+11
4.98851e+07, 9.64223e+06, -7.68332e+09, -5.7542e+10, 9.6872e+10, 4.82898e+10, -8.19714e+10, -1.25503e+11, -1.35084e+11, 1.82485e+11, 7.31442e+11, 2.67264e+11, 1.41284e+12, 2.01314e+11, 2.8665e+12, 1.41535e+11
5.82228e+07, 1.13932e+07, 5.57528e+10, -1.5836e+10, 5.65008e+10, 9.22811e+10, -3.49823e+10, -1.45704e+11, -1.66146e+11, 1.54608e+11, 7.23424e+11, 2.8842e+11, 1.41039e+12, 2.17896e+11, 2.86589e+12, 1.5327e+11
6.72409e+07, 1.33988e+07, 2.36405e+10, 5.29997e+10, -1.08121e+09, 1.0813e+11, 1.60895e+10, -1.48923e+11, -1.91595e+11, 1.2151e+11, 7.14798e+11, 3.09334e+11, 1.40776e+12, 2.34449e+11, 2.86524e+12, 1.65002e+11
7.68976e+07, 1.57065e+07, -4.89618e+10, 3.13268e+10, -5.83082e+10, 9.0969e+10, 6.52905e+10, -1.34761e+11, -2.10563e+11, 8.43048e+10, 7.05574e+11, 3.29989e+11, 1.40493e+12, 2.5097e+11, 2.86454e+12, 1.76732e+11
8.71388e+07, 1.83188e+07, -3.83653e+10, -4.36024e+10, -9.76858e+10, 4.60091e+10, 1.06869e+11, -1.04848e+11, -2.22407e+11, 4.4249e+10, 6.95759e+11, 3.50366e+11, 1.40191e+12, 2.67457e+11, 2.86379e+12, 1.88459e+11
9.79444e+07, 2.12076e+07, 3.74701e+10, -4.42686e+10, -1.07153e+11, -1.3018e+10, 1.35954e+11, -6.26648e+10, -2.2672e+11, 2.69665e+09, 6.8536e+11, 3.70451e+11, 1.39869e+12, 2.83907e+11, 2.86299e+12, 2.00182e+11
1.0933e+08, 2.43596e+07, 4.91817e+10, 3.08026e+10, -8.38021e+10, -6.80554e+10, 1.49129e+11, -1.3141e+10, -2.23357e+11, -3.89461e+10, 6.74388e+11, 3.90224e+11, 1.39529e+12, 3.00319e+11, 2.86215e+12, 2.11902e+11
1.21314e+08, 2.77884e+07, -2.32827e+10, 5.32249e+10, -3.47845e+10, -1.02271e+11, 1.44847e+11, 3.79256e+10, -2.12431e+11, -7.92698e+10, 6.62851e+11, 4.09671e+11, 1.39169e+12, 3.1669e+11, 2.86125e+12, 2.23619e+11
1.33899e+08, 3.15083e+07, -5.60976e+10, -1.4968e+10, 2.49033e+10, -1.05228e+11, 1.23612e+11, 8.45536e+10, -1.94314e+11, -1.16911e+11, 6.50759e+11, 4.28775e+11, 1.38791e+12, 3.33018e+11, 2.86031e+12, 2.35332e+11
1.47104e+08, 3.55296e+07, 6.48869e+09, -5.76465e+10, 7.70348e+10, -7.60547e+10, 8.79212e+10, 1.21288e+11, -1.6962e+11, -1.50597e+11, 6.38122e+11, 4.4752e+11, 1.38393e+12, 3.49301e+11, 2.85932e+12, 2.47041e+11
1.60963e+08, 3.98899e+07, 5.80299e+10, -1.85928e+09, 1.05725e+11, -2.36785e+10, 4.1965e+10, 1.43842e+11, -1.39191e+11, -1.79194e+11, 6.24952e+11, 4.6589e+11, 1.37977e+12, 3.65536e+11, 2.85828e+12, 2.58746e+11
1.75486e+08, 4.46671e+07, 1.02896e+10, 5.71882e+10, 1.02246e+11, 3.5927e+10, -8.87441e+09, 1.49601e+11, -1.04056e+11, -2.0174e+11, 6.11259e+11, 4.8387e+11, 1.37542e+12, 3.81722e+11, 2.8572e+12, 2.70446e+11
1.90628e+08, 4.99391e+07, -5.49342e+10, 1.87126e+10, 6.76635e+10, 8.45971e+10, -5.86591e+10, 1.37918e+11, -6.5407e+10, -2.17483e+11, 5.97055e+11, 5.01445e+11, 1.37088e+12, 3.97855e+11, 2.85606e+12, 2.82142e+11
2.06315e+08, 5.57413e+07, -2.66398e+10, -5.14877e+10, 1.25086e+10, 1.07485e+11, -1.01591e+11, 1.1018e+11, -2.45476e+10, -2.25898e+11, 5.82352e+11, 5.18602e+11, 1.36615e+12, 4.13935e+11, 2.85488e+12, 2.93833e+11
2.22487e+08, 6.20754e+07, 4.717e+10, -3.38674e+10, -4.63975e+10, 9.75791e+10, -1.32682e+11, 6.96312e+10, 1.71449e+10, -2.26714e+11, 5.67162e+11, 5.35324e+11, 1.36123e+12, 4.29958e+11, 2.85365e+12, 3.0552e+11
2.391e+08, 6.89385e+07, 4.04372e+10, 4.18131e+10, -9.1053e+10, 5.78742e+10, -1.48328e+11, 2.09979e+10, 5.82696e+10, -2.19911e+11, 5.51499e+11, 5.516e+11, 1.35613e+12, 4.45922e+11, 2.85237e+12, 3.17201e+11
2.56098e+08, 7.63193e+07, -3.52487e+10, 4.613e+10, -1.07784e+11, 4.90449e+08, -1.46716e+11, -3.00663e+10, 9.74481e+10, -2.05728e+11, 5.35376e+11, 5.67414e+11, 1.35084e+12, 4.61826e+11, 2.85105e+12, 3.28877e+11
2.73437e+08, 8.41714e+07, -5.07154e+10, -2.79368e+10, -9.1456e+10, -5.70199e+10, -1.2803e+11, -7.76281e+10, 1.33371e+11, -1.84648e+11, 5.18806e+11, 5.82755e+11, 1.34537e+12, 4.77667e+11, 2.84967e+12, 3.40547e+11
2.91118e+08, 9.24268e+07, 2.03363e+10, -5.43249e+10, -4.70684e+10, -9.70642e+10, -9.44307e+10, -1.16156e+11, 1.64839e+11, -1.57386e+11, 5.01803e+11, 5.97609e+11, 1.33972e+12, 4.93444e+11, 2.84825e+12, 3.52212e+11
3.0919e+08, 1.01047e+08, 5.69237e+10, 1.22618e+10, 1.17964e+10, -1.07416e+11, -4.98113e+10, -1.41158e+11, 1.90806e+11, -1.24857e+11, 4.84382e+11, 6.11965e+11, 1.33388e+12, 5.09153e+11, 2.84678e+12, 3.63871e+11
3.27712e+08, 1.10047e+08, -3.61061e+09, 5.80471e+10, 6.71584e+10, -8.49467e+10, 6.46124e+08, -1.49703e+11, 2.1041e+11, -8.81533e+10, 4.66557e+11, 6.2581e+11, 1.32786e+12, 5.24792e+11, 2.84526e+12, 3.75524e+11
3.4671e+08, 1.19465e+08, -5.76486e+10, 5.04392e+09, 1.02144e+11, -3.65383e+10, 5.10653e+10, -1.40769e+11, 2.22999e+11, -4.85017e+10, 4.48344e+11, 6.39134e+11, 1.32166e+12, 5.40361e+11, 2.8437e+12, 3.8717e+11
3.66198e+08, 1.29338e+08, -1.32993e+10, -5.63187e+10, 1.06111e+11, 2.30422e+10, 9.55578e+10, -1.15375e+11, 2.28158e+11, -7.22666e+09, 4.29757e+11, 6.51925e+11, 1.31528e+12, 5.55855e+11, 2.84209e+12, 3.9881e+11
3.86191e+08, 1.39711e+08, 5.41303e+10, -2.14222e+10, 7.78563e+10, 7.56407e+10, 1.28914e+11, -7.64686e+10, 2.25716e+11, 3.42947e+10, 4.10813e+11, 6.64173e+11, 1.30872e+12, 5.71275e+11, 2.84042e+12, 4.10444e+11
4.06684e+08, 1.50657e+08, 2.93557e+10, 5.03918e+10, 2.59842e+10, 1.05218e+11, 1.4722e+11, -2.85923e+10, 2.15753e+11, 7.46769e+10, 3.91527e+11, 6.75868e+11, 1.30198e+12, 5.86616e+11, 2.83872e+12, 4.2207e+11
4.27623e+08, 1.62248e+08, -4.51018e+10, 3.63789e+10, -3.36903e+10, 1.02728e+11, 1.48327e+11, 2.26518e+10, 1.98602e+11, 1.12572e+11, 3.71916e+11, 6.87001e+11, 1.29506e+12, 6.01878e+11, 2.83696e+12, 4.33689e+11
4.48924e+08, 1.74504e+08, -4.23208e+10, -3.9233e+10, -8.29354e+10, 6.8898e+10, 1.32107e+11, 7.12621e+10, 1.74832e+11, 1.46713e+11, 3.51996e+11, 6.97562e+11, 1.28797e+12, 6.17057e+11, 2.83516e+12, 4.45302e+11
4.7053e+08, 1.87405e+08, 3.30368e+10, -4.77559e+10, -1.06674e+11, 1.40504e+10, 1.0047e+11, 1.1155e+11, 1.45233e+11, 1.75957e+11, 3.31784e+11, 7.07544e+11, 1.2807e+12, 6.32153e+11, 2.8333e+12, 4.56906e+11
4.92417e+08, 2.0093e+08, 5.24974e+10, 2.57015e+10, -9.76263e+10, -4.50384e+10, 5.7134e+10, 1.3881e+11, 1.10792e+11, 1.9932e+11, 3.11297e+11, 7.16937e+11, 1.27325e+12, 6.47163e+11, 2.83141e+12, 4.68503e+11
5.14565e+08, 2.15073e+08, -1.72455e+10, 5.55433e+10, -5.85589e+10, -9.02878e+10, 7.17857e+09, 1.49877e+11, 7.26559e+10, 2.16015e+11, 2.90551e+11, 7.25735e+11, 1.26563e+12, 6.62085e+11, 2.82946e+12, 4.80093e+11
5.36947e+08, 2.2982e+08, -5.69472e+10, -8.87061e+09, -1.43009e+09, -1.07872e+11, -4.35554e+10, 1.43484e+11, 3.2102e+10, 2.25475e+11, 2.69565e+11, 7.33931e+11, 1.25784e+12, 6.76917e+11, 2.82746e+12, 4.91674e+11
5.59561e+08, 2.45145e+08, 8.77655e+08, -5.77929e+10, 5.63033e+10, -9.24481e+10, -8.91536e+10, 1.20402e+11, -9.51099e+09, 2.27373e+11, 2.48355e+11, 7.41517e+11, 1.24988e+12, 6.91656e+11, 2.82542e+12, 5.03247e+11
5.82432e+08, 2.61042e+08, 5.79394e+10, -7.65323e+09, 9.70384e+10, -4.87513e+10, -1.24315e+11, 8.33407e+10, -5.07846e+10, 2.21637e+11, 2.26941e+11, 7.48489e+11, 1.24175e+12, 7.06302e+11, 2.82333e+12, 5.14811e+11
6.05577e+08, 2.77552e+08, 1.65966e+10, 5.60526e+10, 1.0838e+11, 9.88381e+09, -1.4496e+11, 3.66233e+10, -9.03285e+10, 2.08452e+11, 2.05338e+11, 7.5484e+11, 1.23345e+12, 7.20852e+11, 2.8212e+12, 5.26367e+11
6.28967e+08, 2.94726e+08, -5.22659e+10, 2.45597e+10, 8.68842e+10, 6.55923e+10, -1.48696e+11, -1.43159e+10, -1.26808e+11, 1.88252e+11, 1.83566e+11, 7.60566e+11, 1.22498e+12, 7.35303e+11, 2.81901e+12, 5.37914e+11
6.52548e+08, 3.12583e+08, -3.13948e+10, -4.81785e+10, 3.90972e+10, 1.01395e+11, -1.35087e+11, -6.35572e+10, -1.58987e+11, 1.61714e+11, 1.61642e+11, 7.65661e+11, 1.21634e+12, 7.49655e+11, 2.81678e+12, 5.49452e+11
6.76275e+08, 3.31115e+08, 4.3843e+10, -3.83025e+10, -2.04168e+10, 1.06355e+11, -1.05705e+11, -1.05376e+11, -1.85776e+11, 1.29726e+11, 1.39586e+11, 7.70123e+11, 1.20754e+12, 7.63904e+11, 2.8145e+12, 5.60981e+11
7.00119e+08, 3.50318e+08, 4.50164e+10, 3.76827e+10, -7.34832e+10, 7.89261e+10, -6.39507e+10, -1.34898e+11, -2.06264e+11, 9.33672e+10, 1.17414e+11, 7.73949e+11, 1.19857e+12, 7.7805e+11, 2.81218e+12, 5.72501e+11
7.24036e+08, 3.70187e+08, -2.98163e+10, 4.98465e+10, -1.03861e+11, 2.74709e+10, -1.46688e+10, -1.4867e+11, -2.19753e+11, 5.38635e+10, 9.51461e+10, 7.77134e+11, 1.18944e+12, 7.9209e+11, 2.8098e+12, 5.84011e+11
7.4798e+08, 3.90682e+08, -5.28708e+10, -2.22059e+10, -1.02237e+11, -3.22753e+10, 3.64068e+10, -1.4506e+11, -2.25784e+11, 1.2551e+10, 7.28001e+10, 7.79677e+11, 1.18015e+12, 8.06023e+11, 2.80738e+12, 5.95511e+11
7.71948e+08, 4.11742e+08, 1.50582e+10, -5.58021e+10, -6.91015e+10, -8.20272e+10, 8.33164e+10, -1.24462e+11, -2.2415e+11, -2.91724e+10, 5.03946e+10, 7.81575e+11, 1.1707e+12, 8.19845e+11, 2.80492e+12, 6.07001e+11
7.9598e+08, 4.33329e+08, 5.83664e+10, 6.63551e+09, -1.45987e+10, -1.06573e+11, 1.20572e+11, -8.92611e+10, -2.14906e+11, -6.98944e+10, 2.79483e+10, 7.82829e+11, 1.16108e+12, 8.33557e+11, 2.8024e+12, 6.18481e+11
8.20125e+08, 4.55454e+08, 2.9121e+09, 5.84787e+10, 4.46101e+10, -9.84362e+10, 1.43804e+11, -4.35597e+10, -1.98365e+11, -1.08237e+11, 5.47959e+09, 7.83437e+11, 1.15131e+12, 8.47155e+11, 2.79984e+12, 6.2995e+11
8.44403e+08, 4.78156e+08, -5.63299e+10, 1.13736e+10, 9.0463e+10, -6.01277e+10, 1.50287e+11, 7.29791e+09, -1.7509e+11, -1.42905e+11, -1.69928e+10, 7.83399e+11, 1.14139e+12, 8.60638e+11, 2.79723e+12, 6.41409e+11
8.68814e+08, 5.01467e+08, -1.85781e+10, -5.42345e+10, 1.09002e+11, -3.34434e+09, 1.39261e+11, 5.73572e+10, -1.4587e+11, -1.72727e+11, -3.94505e+10, 7.82715e+11, 1.13131e+12, 8.74004e+11, 2.79457e+12, 6.52858e+11
8.93361e+08, 5.25428e+08, 5.21052e+10, -2.65129e+10, 9.45934e+10, 5.46118e+10, 1.12027e+11, 1.00759e+11, -1.11696e+11, -1.96701e+11, -6.18748e+10, 7.81386e+11, 1.12107e+12, 8.87252e+11, 2.79187e+12, 6.64295e+11
9.18027e+08, 5.50103e+08, 3.49248e+10, 4.75048e+10, 5.16283e+10, 9.60829e+10, 7.17866e+10, 1.32432e+11, -7.37247e+10, -2.14024e+11, -8.42473e+10, 7.79413e+11, 1.11068e+12, 9.00379e+11, 2.78912e+12, 6.75721e+11
9.42743e+08, 5.75555e+08, -4.05911e+10, 4.13043e+10, -6.80228e+09, 1.08413e+11, 2.32612e+10, 1.48691e+11, -3.32383e+10, -2.24117e+11, -1.0655e+11, 7.768e+11, 1.10014e+12, 9.13384e+11, 2.78633e+12, 6.87136e+11
9.67409e+08, 6.01795e+08, -4.56563e+10, -3.41719e+10, -6.28639e+10, 8.78125e+10, -2.78712e+10, 1.47663e+11, 8.39848e+09, -2.26649e+11, -1.28763e+11, 7.73547e+11, 1.08945e+12, 9.26265e+11, 2.78348e+12, 6.9854e+11
9.91947e+08, 6.28782e+08, 2.84035e+10, -5.04458e+10, -9.94094e+10, 4.05543e+10, -7.56439e+10, 1.29494e+11, 4.97858e+10, -2.21544e+11, -1.5087e+11, 7.69658e+11, 1.07862e+12, 9.3902e+11, 2.78059e+12, 7.09931e+11
1.01632e+09, 6.56469e+08, 5.53873e+10, 2.06085e+10, -1.0524e+11, -1.89157e+10, -1.14498e+11, 9.63262e+10, 8.95357e+10, -2.08981e+11, -1.72852e+11, 7.65137e+11, 1.06763e+12, 9.51647e+11, 2.77765e+12, 7.21311e+11
1.04049e+09, 6.84814e+08, -1.08891e+10, 5.75471e+10, -7.8561e+10, -7.23973e+10, -1.39922e+11, 5.20353e+10, 1.26318e+11, -1.8939e+11, -1.94691e+11, 7.59988e+11, 1.05651e+12, 9.64146e+11, 2.77467e+12, 7.32679e+11
1.06444e+09, 7.13771e+08, -5.7055e+10, -2.3925e+09, -2.75377e+10, -1.03531e+11, -1.48968e+11, 1.77859e+09, 1.58906e+11, -1.63434e+11, -2.16369e+11, 7.54215e+11, 1.04523e+12, 9.76513e+11, 2.77164e+12, 7.44034e+11
1.08817e+09, 7.43277e+08, -4.6195e+09, -5.70242e+10, 3.22274e+10, -1.02816e+11, -1.40588e+11, -4.86011e+10, 1.86214e+11, -1.31986e+11, -2.37869e+11, 7.47823e+11, 1.03382e+12, 9.88749e+11, 2.76856e+12, 7.55377e+11
1.11174e+09, 7.73294e+08, 5.73342e+10, -1.30687e+10, 8.24924e+10, -7.04946e+10, -1.15747e+11, -9.32467e+10, 2.07334e+11, -9.61015e+10, -2.59172e+11, 7.40818e+11, 1.02227e+12, 1.00085e+12, 2.76544e+12, 7.66708e+11
1.13517e+09, 8.0384e+08, 2.28284e+10, 5.46083e+10, 1.07946e+11, -1.64418e+10, -7.73199e+10, -1.26959e+11, 2.21566e+11, -5.69809e+10, -2.80262e+11, 7.33205e+11, 1.01057e+12, 1.01282e+12, 2.76227e+12, 7.78025e+11
1.1585e+09, 8.34956e+08, -4.89389e+10, 3.04414e+10, 1.0085e+11, 4.28677e+10, -2.97614e+10, -1.45799e+11, 2.28439e+11, -1.59307e+10, -3.0112e+11, 7.24992e+11, 9.98745e+11, 1.02464e+12, 2.75905e+12, 7.8933e+11
1.18167e+09, 8.66667e+08, -3.57238e+10, -4.40489e+10, 6.33703e+10, 8.93659e+10, 2.13996e+10, -1.47546e+11, 2.27727e+11, 2.56796e+10, -3.21731e+11, 7.16185e+11, 9.86779e+11, 1.03633e+12, 2.75579e+12, 8.00621e+11
1.20468e+09, 8.9898e+08, 4.01209e+10, -4.20214e+10, 6.92613e+09, 1.08872e+11, 7.01989e+10, -1.31968e+11, 2.19453e+11, 6.64621e+10, -3.42078e+11, 7.06792e+11, 9.7468e+11, 1.04788e+12, 2.75248e+12, 8.11899e+11
1.22751e+09, 9.31909e+08, 4.91823e+10, 3.34471e+10, -5.12616e+10, 9.54146e+10, 1.10932e+11, -1.00858e+11, 2.03894e+11, 1.05056e+11, -3.62143e+11, 6.96822e+11, 9.62449e+11, 1.05929e+12, 2.74913e+12, 8.23163e+11
1.2501e+09, 9.65469e+08, -2.39952e+10, 5.33335e+10, -9.34045e+10, 5.30822e+10, 1.38825e+11, -5.78366e+10, 1.81566e+11, 1.40174e+11, -3.8191e+11, 6.86281e+11, 9.50087e+11, 1.07055e+12, 2.74573e+12, 8.34413e+11
1.27241e+09, 9.99641e+08, -5.44023e+10, -1.59253e+10, -1.06595e+11, -5.18906e+09, 1.50605e+11, -7.92794e+09, 1.53212e+11, 1.70639e+11, -4.01364e+11, 6.75179e+11, 9.37596e+11, 1.08167e+12, 2.74228e+12, 8.45649e+11
1.29439e+09, 1.03437e+09, 9.66131e+09, -5.63692e+10, -8.67831e+10, -6.15663e+10, 1.44889e+11, 4.3027e+10, 1.19775e+11, 1.95431e+11, -4.20488e+11, 6.63526e+11, 9.24978e+11, 1.09264e+12, 2.73878e+12, 8.56872e+11
1.31608e+09, 1.06962e+09, 5.92178e+10, 1.24073e+09, -4.00329e+10, -9.87988e+10, 1.22353e+11, 8.90641e+10, 8.23716e+10, 2.13715e+11, -4.39268e+11, 6.51331e+11, 9.12235e+11, 1.10346e+12, 2.73525e+12, 8.68079e+11
1.33748e+09, 1.10537e+09, 9.44196e+09, 5.85884e+10, 1.93556e+10, -1.05514e+11, 8.56474e+10, 1.24802e+11, 4.22508e+10, 2.24871e+11, -4.57687e+11, 6.38605e+11, 8.99369e+11, 1.11414e+12, 2.73166e+12, 8.79273e+11
1.35861e+09, 1.14165e+09, -5.43797e+10, 1.78982e+10, 7.32472e+10, -7.96822e+10, 3.9082e+10, 1.46077e+11, 7.56603e+08, 2.28518e+11, -4.75731e+11, 6.25358e+11, 8.8638e+11, 1.12466e+12, 2.72803e+12, 8.90451e+11
1.37946e+09, 1.17845e+09, -2.36481e+10, -5.12519e+10, 1.05218e+11, -2.92012e+10, -1.18905e+10, 1.50427e+11, -4.07177e+10, 2.24525e+11, -4.93386e+11, 6.11601e+11, 8.73272e+11, 1.13503e+12, 2.72435e+12, 9.01615e+11
1.40002e+09, 1.21579e+09, 4.95191e+10, -3.10133e+10, 1.05543e+11, 3.054e+10, -6.13177e+10, 1.37375e+11, -8.07759e+10, 2.13017e+11, -5.10636e+11, 5.97346e+11, 8.60045e+11, 1.14525e+12, 2.72063e+12, 9.12763e+11
1.42029e+09, 1.25371e+09, 4.01233e+10, 4.44088e+10, 7.41283e+10, 8.13439e+10, -1.03443e+11, 1.08467e+11, -1.18066e+11, 1.94375e+11, -5.27468e+11, 5.82604e+11, 8.46702e+11, 1.15531e+12, 2.71686e+12, 9.23897e+11
1.4402e+09, 1.29223e+09, -3.56446e+10, 4.61022e+10, 2.05443e+10, 1.07724e+11, -1.33374e+11, 6.70902e+10, -1.51327e+11, 1.6922e+11, -5.43869e+11, 5.67387e+11, 8.33245e+11, 1.16522e+12, 2.71304e+12, 9.35014e+11
1.45968e+09, 1.33136e+09, -4.85235e+10, -2.84248e+10, -3.88681e+10, 1.01617e+11, -1.4764e+11, 1.80673e+10, -1.7943e+11, 1.38396e+11, -5.59825e+11, 5.51709e+11, 8.19675e+11, 1.17497e+12, 2.70918e+12, 9.46116e+11
1.47866e+09, 1.37104e+09, 2.34271e+10, -5.22874e+10, -8.59549e+10, 6.48675e+10, -1.44587e+11, -3.28991e+10, -2.01422e+11, 1.02942e+11, -5.75323e+11, 5.35583e+11, 8.05994e+11, 1.18456e+12, 2.70528e+12, 9.57202e+11
1.49711e+09, 1.4112e+09, 5.76475e+10, 1.55865e+10, -1.063e+11, 8.69975e+09, -1.24567e+11, -7.98834e+10, -2.16554e+11, 6.40539e+10, -5.90351e+11, 5.1902e+11, 7.92204e+11, 1.19399e+12, 2.70133e+12, 9.68272e+11
1.51502e+09, 1.45179e+09, -4.4454e+09, 5.92361e+10, -9.36641e+10, -4.96973e+10, -8.98949e+10, -1.17417e+11, -2.24309e+11, 2.30478e+10, -6.04897e+11, 5.02036e+11, 7.78307e+11, 1.20326e+12, 2.69733e+12, 9.79326e+11
1.53239e+09, 1.49276e+09, -5.65975e+10, 4.42393e+09, -5.19139e+10, -9.24498e+10, -4.4589e+10, -1.4112e+11, -2.24425e+11, -1.86882e+10, -6.18948e+11, 4.84644e+11, 7.64305e+11, 1.21237e+12, 2.69329e+12, 9.90364e+11
1.54923e+09, 1.53403e+09, -1.01327e+10, -5.53371e+10, 6.17434e+09, -1.06491e+11, 6.08822e+09, -1.48207e+11, -2.16895e+11, -5.97407e+10, -6.32495e+11, 4.66859e+11, 7.50199e+11, 1.22131e+12, 2.6892e+12, 1.00138e+12
1.5656e+09, 1.57556e+09, 5.604e+10, -1.8053e+10, 6.28538e+10, -8.75504e+10, 5.6234e+10, -1.37822e+11, -2.01977e+11, -9.87199e+10, -6.45524e+11, 4.48695e+11, 7.35993e+11, 1.23009e+12, 2.68507e+12, 1.01239e+12
1.58159e+09, 1.61736e+09, 2.87496e+10, 5.28651e+10, 1.00844e+11, -4.1427e+10, 9.99905e+10, -1.11149e+11, -1.80178e+11, -1.34308e+11, -6.58027e+11, 4.30167e+11, 7.21687e+11, 1.2387e+12, 2.68089e+12, 1.02338e+12
1.5972e+09, 1.65948e+09, -4.51592e+10, 3.62951e+10, 1.08584e+11, 1.78156e+10, 1.32232e+11, -7.12828e+10, -1.52238e+11, -1.65302e+11, -6.69993e+11, 4.1129e+11, 7.07283e+11, 1.24714e+12, 2.67667e+12, 1.03435e+12
1.61243e+09, 1.70197e+09, -3.97589e+10, -3.91487e+10, 8.3724e+10, 7.21351e+10, 1.49174e+11, -2.28746e+10, -1.19104e+11, -1.9066e+11, -6.81413e+11, 3.92079e+11, 6.92784e+11, 1.25542e+12, 2.6724e+12, 1.0453e+12
1.62726e+09, 1.74484e+09, 3.58645e+10, -4.50015e+10, 3.38338e+10, 1.04981e+11, 1.48827e+11, 2.84132e+10, -8.18998e+10, -2.0953e+11, -6.92277e+11, 3.72552e+11, 6.78192e+11, 1.26353e+12, 2.66809e+12, 1.05623e+12
1.64166e+09, 1.78812e+09, 5.27174e+10, 2.91273e+10, -2.58813e+10, 1.06324e+11, 1.31232e+11, 7.65769e+10, -4.18816e+10, -2.21283e+11, -7.02576e+11, 3.52722e+11, 6.63509e+11, 1.27146e+12, 2.66373e+12, 1.06715e+12
1.65559e+09, 1.83183e+09, -1.80177e+10, 5.65285e+10, -7.71848e+10, 7.57302e+10, 9.84614e+10, 1.15984e+11, -3.99059e+08, -2.25529e+11, -7.12303e+11, 3.32607e+11, 6.48735e+11, 1.27923e+12, 2.65933e+12, 1.07805e+12
1.66895e+09, 1.87595e+09, -5.54635e+10, -9.18994e+09, -1.04375e+11, 2.25385e+10, 5.43643e+10, 1.42037e+11, 4.11525e+10, -2.22134e+11, -7.21449e+11, 3.12224e+11, 6.33875e+11, 1.28682e+12, 2.65488e+12, 1.08893e+12
1.68171e+09, 1.92043e+09, 4.03305e+09, -5.60516e+10, -9.9117e+10, -3.69748e+10, 4.10862e+09, 1.51716e+11, 8.13787e+10, -2.11219e+11, -7.30007e+11, 2.91588e+11, 6.18929e+11, 1.29424e+12, 2.65039e+12, 1.09979e+12
1.69385e+09, 1.96518e+09, 5.92967e+10, -3.90129e+09, -6.30182e+10, -8.45885e+10, -4.64323e+10, 1.43919e+11, 1.18933e+11, -1.93158e+11, -7.37971e+11, 2.70716e+11, 6.039e+11, 1.30148e+12, 2.64585e+12, 1.11064e+12
1.70539e+09, 2.01018e+09, 1.57379e+10, 5.83301e+10, -7.1323e+09, -1.05741e+11, -9.13692e+10, 1.19587e+11, 1.5256e+11, -1.68562e+11, -7.45333e+11, 2.49627e+11, 5.88789e+11, 1.30855e+12, 2.64127e+12, 1.12146e+12
1.71634e+09, 2.05539e+09, -5.19846e+10, 2.4495e+10, 5.14559e+10, -9.39856e+10, -1.2548e+11, 8.15751e+10, 1.81141e+11, -1.38259e+11, -7.52089e+11, 2.28336e+11, 5.73599e+11, 1.31545e+12, 2.63665e+12, 1.13227e+12
1.72672e+09, 2.10079e+09, -2.86135e+10, -4.74561e+10, 9.48738e+10, -5.2932e+10, -1.44809e+11, 3.43212e+10, 2.03722e+11, -1.03265e+11, -7.58231e+11, 2.06861e+11, 5.58333e+11, 1.32216e+12, 2.63198e+12, 1.14306e+12
1.73654e+09, 2.14636e+09, 4.62378e+10, -3.49255e+10, 1.09903e+11, 4.89644e+09, -1.47118e+11, -1.66753e+10, 2.19556e+11, -6.47503e+10, -7.63757e+11, 1.8522e+11, 5.4299e+11, 1.3287e+12, 2.62726e+12, 1.15383e+12
1.74583e+09, 2.1921e+09, 4.47256e+10, 4.10776e+10, 9.19742e+10, 6.1887e+10, -1.32139e+11, -6.54852e+10, 2.28115e+11, -2.40017e+10, -7.6866e+11, 1.6343e+11, 5.27575e+11, 1.33506e+12, 2.62251e+12, 1.16458e+12
1.75458e+09, 2.23805e+09, -3.04808e+10, 5.06459e+10, 4.65452e+10, 1.00681e+11, -1.01604e+11, -1.0643e+11, 2.29118e+11, 1.76215e+10, -7.72937e+11, 1.41509e+11, 5.1209e+11, 1.34124e+12, 2.6177e+12, 1.17531e+12
1.76274e+09, 2.28422e+09, -5.10411e+10, -2.2133e+10, -1.25454e+10, 1.09442e+11, -5.90491e+10, -1.34736e+11, 2.2253e+11, 5.87313e+10, -7.76586e+11, 1.19475e+11, 4.96535e+11, 1.34724e+12, 2.61286e+12, 1.18602e+12
1.77028e+09, 2.33055e+09, 1.80168e+10, -5.33292e+10, -6.72628e+10, 8.5475e+10, -9.41518e+09, -1.47085e+11, 2.0857e+11, 9.79564e+10, -7.79602e+11, 9.73461e+10, 4.80913e+11, 1.35306e+12, 2.60797e+12, 1.19671e+12
1.77718e+09, 2.37701e+09, 5.90958e+10, 1.06216e+10, -1.00871e+11, 3.60869e+10, 4.15211e+10, -1.4201e+11, 1.87703e+11, 1.33988e+11, -7.81983e+11, 7.51399e+10, 4.65228e+11, 1.3587e+12, 2.60303e+12, 1.20738e+12
1.78345e+09, 2.42355e+09, 1.85619e+09, 6.05048e+10, -1.03072e+11, -2.36143e+10, 8.78135e+10, -1.20071e+11, 1.60622e+11, 1.6562e+11, -7.83728e+11, 5.28746e+10, 4.49479e+11, 1.36415e+12, 2.59806e+12, 1.21803e+12
1.78908e+09, 2.47014e+09, -5.57249e+10, 1.14072e+10, -7.31884e+10, -7.53489e+10, 1.24043e+11, -8.38062e+10, 1.28228e+11, 1.91794e+11, -7.84834e+11, 3.05683e+10, 4.3367e+11, 1.36942e+12, 2.59303e+12, 1.22866e+12
1.79409e+09, 2.51672e+09, -1.57351e+10, -5.28421e+10, -2.03753e+10, -1.03288e+11, 1.45957e+11, -3.74408e+10, 9.16006e+10, 2.11629e+11, -7.85302e+11, 8.2393e+09, 4.17804e+11, 1.37451e+12, 2.58797e+12, 1.23927e+12
1.79854e+09, 2.56325e+09, 5.39323e+10, -2.26363e+10, 3.92133e+10, -9.89055e+10, 1.50981e+11, 1.36057e+10, 5.19633e+10, 2.24456e+11, -7.8513e+11, -1.40944e+10, 4.01881e+11, 1.37941e+12, 2.58286e+12, 1.24985e+12
1.8025e+09, 2.60975e+09, 3.41475e+10, 5.07466e+10, 8.73885e+10, -6.35612e+10, 1.38524e+11, 6.33584e+10, 1.06426e+10, 2.29838e+11, -7.84319e+11, -3.64145e+10, 3.85904e+11, 1.38413e+12, 2.57771e+12, 1.26042e+12
1.80598e+09, 2.65626e+09, -4.11076e+10, 4.19457e+10, 1.09475e+11, -8.04381e+09, 1.10052e+11, 1.05996e+11, -3.09752e+10, 2.27586e+11, -7.8287e+11, -5.87028e+10, 3.69876e+11, 1.38866e+12, 2.57251e+12, 1.27097e+12
1.80897e+09, 2.70282e+09, -4.35801e+10, -3.36435e+10, 9.87541e+10, 5.07344e+10, 6.89112e+10, 1.36541e+11, -7.14907e+10, 2.17768e+11, -7.80782e+11, -8.09413e+10, 3.53798e+11, 1.39301e+12, 2.56727e+12, 1.28149e+12
1.81146e+09, 2.74944e+09, 3.10005e+10, -4.73123e+10, 5.84876e+10, 9.48729e+10, 1.99251e+10, 1.51442e+11, -1.09538e+11, 2.00708e+11, -7.78059e+11, -1.03112e+11, 3.37673e+11, 1.39716e+12, 2.56199e+12, 1.29199e+12
1.81341e+09, 2.79614e+09, 5.54524e+10, 2.4667e+10, 9.36598e+08, 1.10912e+11, -3.11769e+10, 1.48989e+11, -1.43831e+11, 1.76973e+11, -7.74703e+11, -1.25196e+11, 3.21503e+11, 1.40114e+12, 2.55667e+12, 1.30248e+12
1.81477e+09, 2.84294e+09, -1.20795e+10, 5.92761e+10, -5.63438e+10, 9.39375e+10, -7.84362e+10, 1.29499e+11, -1.73209e+11, 1.4736e+11, -7.70715e+11, -1.47177e+11, 3.05289e+11, 1.40492e+12, 2.5513e+12, 1.31294e+12
1.81548e+09, 2.88981e+09, -5.61586e+10, -2.20267e+09, -9.58443e+10, 4.91192e+10, -1.16358e+11, 9.52672e+10, -1.96676e+11, 1.12864e+11, -7.66099e+11, -1.69035e+11, 2.89035e+11, 1.40852e+12, 2.54589e+12, 1.32337e+12
1.81546e+09, 2.93666e+09, -1.86882e+09, -5.49751e+10, -1.0547e+11, -9.83965e+09, -1.40543e+11, 5.02956e+10, -2.13432e+11, 7.46504e+10, -7.60859e+11, -1.90754e+11, 2.72743e+11, 1.41192e+12, 2.54043e+12, 1.33379e+12
1.81473e+09, 2.98341e+09, 5.84926e+10, -8.84961e+09, -8.22713e+10, -6.489e+10, -1.4819e+11, -1.78683e+08, -2.22909e+11, 3.40107e+10, -7.54999e+11, -2.12315e+11, 2.56414e+11, 1.41514e+12, 2.53494e+12, 1.34418e+12
1.81333e+09, 3.03e+09, 2.16138e+10, 5.75794e+10, -3.33576e+10, -9.91856e+10, -1.38416e+11, -5.02859e+10, -2.24782e+11, -7.6793e+09, -7.48524e+11, -2.33701e+11, 2.4005e+11, 1.41817e+12, 2.5294e+12, 1.35455e+12
1.81128e+09, 3.07637e+09, -4.92779e+10, 3.09506e+10, 2.63041e+10, -1.02253e+11, -1.12349e+11, -9.41983e+10, -2.18989e+11, -4.90074e+10, -7.41438e+11, -2.54895e+11, 2.23655e+11, 1.42101e+12, 2.52382e+12, 1.3649e+12
1.80862e+09, 3.1225e+09, -3.35114e+10, -4.30295e+10, 7.84938e+10, -7.31753e+10, -7.30106e+10, -1.26799e+11, -2.05727e+11, -8.85738e+10, -7.33748e+11, -2.75878e+11, 2.0723e+11, 1.42365e+12, 2.51819e+12, 1.37522e+12
1.80542e+09, 3.16834e+09, 4.22093e+10, -3.83388e+10, 1.07304e+11, -2.08331e+10, -2.4964e+10, -1.44276e+11, -1.85447e+11, -1.2504e+11, -7.25459e+11, -2.96635e+11, 1.90778e+11, 1.42611e+12, 2.51253e+12, 1.38553e+12
1.80175e+09, 3.21393e+09, 4.85878e+10, 3.74124e+10, 1.03963e+11, 3.88239e+10, 2.6201e+10, -1.44565e+11, -1.58839e+11, -1.57173e+11, -7.16579e+11, -3.17148e+11, 1.743e+11, 1.42838e+12, 2.50682e+12, 1.3958e+12
1.79762e+09, 3.25931e+09, -2.5246e+10, 5.47397e+10, 6.94853e+10, 8.76262e+10, 7.45155e+10, -1.27602e+11, -1.26807e+11, -1.8389e+11, -7.07114e+11, -3.374e+11, 1.57799e+11, 1.43046e+12, 2.50107e+12, 1.40606e+12
1.79302e+09, 3.3045e+09, -5.32607e+10, -1.55157e+10, 1.43654e+10, 1.10696e+11, 1.14327e+11, -9.53419e+10, -9.04372e+10, -2.04293e+11, -6.97071e+11, -3.57374e+11, 1.41277e+11, 1.43234e+12, 2.49527e+12, 1.41629e+12
1.78791e+09, 3.34951e+09, 1.21603e+10, -5.3707e+10, -4.45898e+10, 1.00977e+11, 1.40967e+11, -5.15368e+10, -5.09599e+10, -2.17702e+11, -6.8646e+11, -3.77055e+11, 1.24736e+11, 1.43404e+12, 2.48944e+12, 1.4265e+12
1.78229e+09, 3.39432e+09, 5.96452e+10, 5.62258e+09, -8.93681e+10, 6.14215e+10, 1.51303e+11, -1.30339e+09, -9.7079e+09, -2.2367e+11, -6.75288e+11, -3.96426e+11, 1.08179e+11, 1.43554e+12, 2.48356e+12, 1.43668e+12
1.77615e+09, 3.43891e+09, 7.87644e+09, 6.11893e+10, -1.06265e+11, 4.11784e+09, 1.44121e+11, 4.94802e+10, 3.19299e+10, -2.22006e+11, -6.63564e+11, -4.15471e+11, 9.16076e+10, 1.43685e+12, 2.47764e+12, 1.44684e+12
1.76947e+09, 3.48326e+09, -5.45107e+10, 1.83264e+10, -9.01067e+10, -5.33941e+10, 1.20263e+11, 9.48707e+10, 7.2555e+10, -2.12774e+11, -6.51298e+11, -4.34174e+11, 7.50242e+10, 1.43797e+12, 2.47168e+12, 1.45697e+12
1.76224e+09, 3.52731e+09, -2.14246e+10, -4.97218e+10, -4.58476e+10, -9.35123e+10, 8.25338e+10, 1.29564e+11, 1.10806e+11, -1.96292e+11, -6.38499e+11, -4.52521e+11, 5.84309e+10, 1.4389e+12, 2.46568e+12, 1.46708e+12
1.75451e+09, 3.57102e+09, 5.09803e+10, -2.6928e+10, 1.29627e+10, -1.03978e+11, 3.53583e+10, 1.4952e+11, 1.45406e+11, -1.73117e+11, -6.25178e+11, -4.70496e+11, 4.183e+10, 1.43963e+12, 2.45963e+12, 1.47717e+12
1.74632e+09, 3.61438e+09, 3.89199e+10, 4.81164e+10, 6.83546e+10, -8.16155e+10, -1.57429e+10, 1.52434e+11, 1.75198e+11, -1.44031e+11, -6.11346e+11, -4.88084e+11, 2.52238e+10, 1.44017e+12, 2.45355e+12, 1.48723e+12
1.73772e+09, 3.65741e+09, -3.68691e+10, 4.71789e+10, 1.03437e+11, -3.32615e+10, -6.48068e+10, 1.37996e+11, 1.99193e+11, -1.1001e+11, -5.97014e+11, -5.05271e+11, 8.61433e+09, 1.44053e+12, 2.44742e+12, 1.49727e+12
1.7287e+09, 3.70014e+09, -4.71923e+10, -2.77469e+10, 1.07526e+11, 2.63445e+10, -1.06125e+11, 1.07916e+11, 2.16592e+11, -7.21917e+10, -5.82192e+11, -5.22042e+11, -7.99604e+09, 1.44068e+12, 2.44125e+12, 1.50728e+12
1.71925e+09, 3.74255e+09, 2.55362e+10, -4.90961e+10, 7.93722e+10, 7.90483e+10, -1.34901e+11, 6.57154e+10, 2.26816e+11, -3.18399e+10, -5.66894e+11, -5.38384e+11, -2.46051e+10, 1.44065e+12, 2.43505e+12, 1.51726e+12
1.70938e+09, 3.78465e+09, 5.7332e+10, 1.99403e+10, 2.75414e+10, 1.08787e+11, -1.47804e+11, 1.63131e+10, 2.29527e+11, 9.69937e+09, -5.51132e+11, -5.54283e+11, -4.12107e+10, 1.44043e+12, 2.4288e+12, 1.52722e+12
1.69906e+09, 3.82647e+09, -6.25735e+09, 6.13884e+10, -3.21712e+10, 1.06474e+11, -1.43341e+11, -3.4545e+10, 2.24634e+11, 5.1041e+10, -5.34917e+11, -5.69726e+11, -5.78106e+10, 1.44001e+12, 2.42251e+12, 1.53716e+12
1.68825e+09, 3.86797e+09, -5.65045e+10, 4.81386e+09, -8.15312e+10, 7.27951e+10, -1.22028e+11, -8.09458e+10, 2.12298e+11, 9.08063e+10, -5.18264e+11, -5.84701e+11, -7.44026e+10, 1.4394e+12, 2.41617e+12, 1.54707e+12
1.67691e+09, 3.90909e+09, -8.01662e+09, -5.33153e+10, -1.05438e+11, 1.80364e+10, -8.63361e+10, -1.17487e+11, 1.92928e+11, 1.27668e+11, -5.01186e+11, -5.99193e+11, -9.09844e+10, 1.4386e+12, 2.4098e+12, 1.55695e+12
1.66507e+09, 3.94975e+09, 5.67984e+10, -1.3737e+10, -9.65714e+10, -4.1045e+10, -4.04037e+10, -1.39903e+11, 1.67166e+11, 1.60393e+11, -4.83696e+11, -6.13193e+11, -1.07554e+11, 1.43761e+12, 2.40339e+12, 1.56681e+12
1.65277e+09, 3.9899e+09, 2.70223e+10, 5.61718e+10, -5.76541e+10, -8.63646e+10, 1.04284e+10, -1.45557e+11, 1.35869e+11, 1.87886e+11, -4.65809e+11, -6.26687e+11, -1.24109e+11, 1.43643e+12, 2.39694e+12, 1.57664e+12
1.64007e+09, 4.0295e+09, -4.62785e+10, 3.70527e+10, -6.06633e+08, -1.04069e+11, 6.02343e+10, -1.33761e+11, 1.00079e+11, 2.09222e+11, -4.4754e+11, -6.39665e+11, -1.40647e+11, 1.43506e+12, 2.39044e+12, 1.58644e+12
1.62703e+09, 4.06854e+09, -3.83046e+10, -3.81689e+10, 5.71302e+10, -8.87678e+10, 1.03191e+11, -1.05866e+11, 6.09904e+10, 2.23681e+11, -4.28902e+11, -6.52115e+11, -1.57166e+11, 1.4335e+12, 2.38391e+12, 1.59622e+12
1.61371e+09, 4.10701e+09, 3.74687e+10, -4.13944e+10, 9.79414e+10, -4.51513e+10, 1.34264e+11, -6.51097e+10, 1.99096e+10, 2.30771e+11, -4.09912e+11, -6.64028e+11, -1.73665e+11, 1.43174e+12, 2.37733e+12, 1.60597e+12
1.60019e+09, 4.14493e+09, 5.16923e+10, 3.32728e+10, 1.09396e+11, 1.34781e+10, 1.49803e+11, -1.62489e+10, -2.17856e+10, 2.30246e+11, -3.90584e+11, -6.75393e+11, -1.90139e+11, 1.4298e+12, 2.37072e+12, 1.61569e+12
1.5865e+09, 4.18239e+09, -1.99603e+10, 5.81868e+10, 8.80049e+10, 6.92627e+10, 1.47977e+11, 3.50008e+10, -6.26941e+10, 2.22116e+11, -3.70935e+11, -6.86201e+11, -2.06589e+11, 1.42766e+12, 2.36407e+12, 1.62539e+12
1.57263e+09, 4.21944e+09, -5.51427e+10, -8.78467e+09, 4.02719e+10, 1.05206e+11, 1.29001e+11, 8.26401e+10, -1.01438e+11, 2.06647e+11, -3.50979e+11, -6.96442e+11, -2.2301e+11, 1.42534e+12, 2.35737e+12, 1.63505e+12
1.55853e+09, 4.2561e+09, 5.92706e+09, -5.35803e+10, -1.92658e+10, 1.10336e+11, 9.51028e+10, 1.21097e+11, -1.36709e+11, 1.84353e+11, -3.30735e+11, -7.06108e+11, -2.39402e+11, 1.42283e+12, 2.35064e+12, 1.64469e+12
1.54418e+09, 4.29237e+09, 5.93212e+10, 4.64186e+08, -7.24389e+10, 8.30614e+10, 5.026e+10, 1.45886e+11, -1.67313e+11, 1.55981e+11, -3.10218e+11, -7.15191e+11, -2.55762e+11, 1.42013e+12, 2.34386e+12, 1.65431e+12
1.52955e+09, 4.32823e+09, 1.36067e+10, 6.11202e+10, -1.02987e+11, 3.17024e+10, -2.75985e+08, 1.54132e+11, -1.92214e+11, 1.22485e+11, -2.89444e+11, -7.23682e+11, -2.72087e+11, 1.41724e+12, 2.33705e+12, 1.66389e+12
1.51461e+09, 4.36367e+09, -5.29206e+10, 2.49688e+10, -1.01557e+11, -2.80318e+10, -5.0603e+10, 1.44901e+11, -2.10565e+11, 8.49951e+10, -2.68431e+11, -7.31575e+11, -2.88376e+11, 1.41416e+12, 2.3302e+12, 1.67345e+12
1.49933e+09, 4.39861e+09, -2.71097e+10, -4.61564e+10, -6.859e+10, -7.78557e+10, -9.48604e+10, 1.19298e+11, -2.21745e+11, 4.47775e+10, -2.47197e+11, -7.38863e+11, -3.04627e+11, 1.4109e+12, 2.32331e+12, 1.68298e+12
1.48375e+09, 4.43299e+09, 4.72557e+10, -3.10453e+10, -1.41897e+10, -1.02531e+11, -1.27909e+11, 8.03265e+10, -2.25372e+11, 3.19352e+09, -2.25757e+11, -7.4554e+11, -3.20837e+11, 1.40745e+12, 2.31638e+12, 1.69248e+12
1.46794e+09, 4.46677e+09, 4.30756e+10, 4.48412e+10, 4.50015e+10, -9.45348e+10, -1.45919e+11, 3.25337e+10, -2.21323e+11, -3.83492e+10, -2.04131e+11, -7.51598e+11, -3.37004e+11, 1.40381e+12, 2.30941e+12, 1.70196e+12
1.45194e+09, 4.49996e+09, -3.24203e+10, 5.1793e+10, 9.09135e+10, -5.63328e+10, -1.4681e+11, -1.85202e+10, -2.09737e+11, -7.8444e+10, -1.82335e+11, -7.57035e+11, -3.53126e+11, 1.39998e+12, 2.3024e+12, 1.7114e+12
1.4358e+09, 4.53256e+09, -5.04961e+10, -2.16615e+10, 1.09557e+11, 4.13377e+08, -1.3048e+11, -6.69007e+10, -1.9101e+11, -1.15735e+11, -1.60388e+11, -7.61844e+11, -3.69201e+11, 1.39597e+12, 2.29535e+12, 1.72081e+12
1.41952e+09, 4.56458e+09, 1.95912e+10, -5.04802e+10, 9.52554e+10, 5.84143e+10, -9.88206e+10, -1.0698e+11, -1.65777e+11, -1.48961e+11, -1.38308e+11, -7.66021e+11, -3.85227e+11, 1.39178e+12, 2.28827e+12, 1.7302e+12
1.40317e+09, 4.59603e+09, 5.84052e+10, 1.4848e+10, 5.2355e+10, 1.00001e+11, -5.55035e+10, -1.34086e+11, -1.34897e+11, -1.77003e+11, -1.16112e+11, -7.69562e+11, -4.01202e+11, 1.3874e+12, 2.28114e+12, 1.73956e+12
1.38674e+09, 4.62695e+09, -5.33732e+08, 6.26949e+10, -6.08471e+09, 1.12483e+11, -5.56057e+09, -1.45042e+11, -9.9417e+10, -1.98919e+11, -9.38196e+10, -7.72465e+11, -4.17123e+11, 1.38284e+12, 2.27398e+12, 1.74889e+12
1.37021e+09, 4.65735e+09, -5.64117e+10, 1.16437e+10, -6.22391e+10, 9.20286e+10, 4.51909e+10, -1.38543e+11, -6.05389e+10, -2.13974e+11, -7.14484e+10, -7.74726e+11, -4.32989e+11, 1.3781e+12, 2.26678e+12, 1.75819e+12
1.35356e+09, 4.6872e+09, -1.42558e+10, -5.12247e+10, -9.89448e+10, 4.48644e+10, 9.08227e+10, -1.1532e+11, -1.9576e+10, -2.21669e+11, -4.90171e+10, -7.76344e+11, -4.48797e+11, 1.37317e+12, 2.25954e+12, 1.76745e+12
1.33681e+09, 4.71646e+09, 5.43189e+10, -1.86396e+10, -1.04965e+11, -1.45907e+10, 1.2599e+11, -7.80628e+10, 2.2091e+10, -2.21753e+11, -2.65441e+10, -7.77316e+11, -4.64546e+11, 1.36806e+12, 2.25226e+12, 1.77669e+12
1.32e+09, 4.7451e+09, 3.19894e+10, 5.39876e+10, -7.84593e+10, -6.81394e+10, 1.46562e+11, -3.1116e+10, 6.30611e+10, -2.14232e+11, -4.04809e+09, -7.77642e+11, -4.80232e+11, 1.36278e+12, 2.24495e+12, 1.7859e+12
1.30317e+09, 4.77312e+09, -4.29213e+10, 4.2595e+10, -2.75532e+10, -9.94005e+10, 1.5012e+11, 2.00308e+10, 1.0196e+11, -1.99366e+11, 1.84524e+10, -7.77321e+11, -4.95855e+11, 1.35731e+12, 2.23759e+12, 1.79508e+12
1.28635e+09, 4.80051e+09, -4.28309e+10, -3.30575e+10, 3.2173e+10, -9.88352e+10, 1.36243e+11, 6.93896e+10, 1.37487e+11, -1.77663e+11, 4.09386e+10, -7.76352e+11, -5.11413e+11, 1.35166e+12, 2.2302e+12, 1.80423e+12
1.26961e+09, 4.82727e+09, 3.21758e+10, -4.4178e+10, 8.24766e+10, -6.66423e+10, 1.06559e+11, 1.11184e+11, 1.68456e+11, -1.49854e+11, 6.3392e+10, -7.74737e+11, -5.26902e+11, 1.34584e+12, 2.22277e+12, 1.81335e+12
1.25301e+09, 4.85344e+09, 5.41087e+10, 2.85839e+10, 1.08024e+11, -1.2659e+10, 6.45528e+10, 1.40532e+11, 1.93836e+11, -1.16874e+11, 8.5794e+10, -7.72476e+11, -5.42321e+11, 1.33983e+12, 2.21531e+12, 1.82244e+12
1.23657e+09, 4.87908e+09, -1.45714e+10, 6.08242e+10, 1.01036e+11, 4.66608e+10, 1.51472e+10, 1.54023e+11, 2.12781e+11, -7.98282e+10, 1.08126e+11, -7.69572e+11, -5.57669e+11, 1.33365e+12, 2.2078e+12, 1.8315e+12
1.22028e+09, 4.90426e+09, -5.65435e+10, -2.13561e+09, 6.36346e+10, 9.32456e+10, -3.58834e+10, 1.50105e+11, 2.24664e+11, -3.99551e+10, 1.30369e+11, -7.66025e+11, -5.72942e+11, 1.3273e+12, 2.20026e+12, 1.84052e+12
1.20409e+09, 4.92899e+09, -4.85704e+08, -5.30569e+10, 7.20045e+09, 1.12886e+11, -8.25912e+10, 1.29265e+11, 2.2909e+11, 1.41457e+09, 1.52505e+11, -7.61838e+11, -5.8814e+11, 1.32077e+12, 2.19268e+12, 1.84952e+12
1.18797e+09, 4.95327e+09, 5.82463e+10, -4.89515e+09, -5.10609e+10, 9.95656e+10, -1.19548e+11, 9.39529e+10, 2.25912e+11, 4.29009e+10, 1.74516e+11, -7.57016e+11, -6.03259e+11, 1.31406e+12, 2.18507e+12, 1.85848e+12
1.17191e+09, 4.9771e+09, 1.9099e+10, 6.01915e+10, -9.33493e+10, 5.73272e+10, -1.42468e+11, 4.82934e+10, 2.15233e+11, 8.31202e+10, 1.96383e+11, -7.5156e+11, -6.18299e+11, 1.30718e+12, 2.17742e+12, 1.86742e+12
1.15587e+09, 5.00046e+09, -5.0843e+10, 3.11478e+10, -1.06723e+11, -9.24357e+08, -1.48702e+11, -2.39898e+09, 1.97409e+11, 1.2073e+11, 2.18087e+11, -7.45477e+11, -6.33257e+11, 1.30014e+12, 2.16973e+12, 1.87632e+12
1.13983e+09, 5.02326e+09, -3.25823e+10, -4.22865e+10, -8.70883e+10, -5.73638e+10, -1.37529e+11, -5.22323e+10, 1.73029e+11, 1.54474e+11, 2.39612e+11, -7.3877e+11, -6.48131e+11, 1.29291e+12, 2.162e+12, 1.88519e+12
1.12383e+09, 5.04545e+09, 4.29401e+10, -3.50252e+10, -4.04685e+10, -9.47248e+10, -1.10245e+11, -9.54135e+10, 1.42903e+11, 1.83221e+11, 2.60938e+11, -7.31445e+11, -6.6292e+11, 1.28552e+12, 2.15424e+12, 1.89403e+12
1.10797e+09, 5.06699e+09, 4.6696e+10, 4.08723e+10, 1.88635e+10, -1.01602e+11, -7.0011e+10, -1.26913e+11, 1.08034e+11, 2.06006e+11, 2.82048e+11, -7.23507e+11, -6.7762e+11, 1.27796e+12, 2.14645e+12, 1.90284e+12
1.0923e+09, 5.08788e+09, -2.76781e+10, 5.56391e+10, 7.27802e+10, -7.5923e+10, -2.14988e+10, -1.43049e+11, 6.95824e+10, 2.22058e+11, 3.02924e+11, -7.14963e+11, -6.92231e+11, 1.27024e+12, 2.13861e+12, 1.91161e+12
1.07689e+09, 5.10816e+09, -5.33018e+10, -1.55499e+10, 1.04842e+11, -2.55432e+10, 2.96461e+10, -1.41915e+11, 2.88343e+10, 2.30834e+11, 3.23549e+11, -7.0582e+11, -7.06751e+11, 1.26234e+12, 2.13074e+12, 1.92035e+12
1.06178e+09, 5.12784e+09, 1.33919e+10, -5.15208e+10, 1.05284e+11, 3.41768e+10, 7.74543e+10, -1.23616e+11, -1.28456e+10, 2.32028e+11, 3.43906e+11, -6.96084e+11, -7.21177e+11, 1.25428e+12, 2.12284e+12, 1.92906e+12
1.04702e+09, 5.14697e+09, 5.88041e+10, 9.38717e+09, 7.39666e+10, 8.50427e+10, 1.1633e+11, -9.02654e+10, -5.40574e+10, 2.25593e+11, 3.63977e+11, -6.85765e+11, -7.35508e+11, 1.24605e+12, 2.11489e+12, 1.93774e+12
1.03264e+09, 5.16563e+09, 5.16548e+09, 6.31088e+10, 2.04149e+10, 1.11542e+11, 1.41712e+11, -4.57486e+10, -9.34135e+10, 2.11735e+11, 3.83745e+11, -6.7487e+11, -7.49741e+11, 1.23767e+12, 2.10692e+12, 1.94639e+12
1.02418e+09, 5.17663e+09, -3.98998e+10, 4.65424e+10, -1.57417e+10, 1.1197e+11, 1.49144e+11, -1.58061e+10, -1.1558e+11, 2.00038e+11, 3.95454e+11, -6.6806e+11, -7.58234e+11, 1.23255e+12, 2.10211e+12, 1.95156e+12
