2 1.0e13 3.15576e15
SagittariusAStar 8.26e+36 0 0 0 0
Star0001 3.886027e+30 1.192729e+19 -2.643185e+20 1.897374e+05 1.155568e+04
Star0002 7.554894e+29 -3.889842e+19 -8.091363e+19 1.183264e+05 -5.830707e+04
Star0003 2.460511e+30 1.301976e+20 2.992071e+19 -4.339590e+04 1.810186e+05
Star0004 2.548036e+30 -2.254108e+20 -8.701005e+19 6.707915e+04 -1.802500e+05
Star0005 6.530555e+29 2.202449e+20 2.461972e+19 -2.050893e+04 2.111160e+05
Star0006 3.909451e+29 1.114527e+20 -2.826904e+19 5.176346e+04 1.947136e+05
Star0007 1.266014e+30 5.134895e+19 -6.092055e+19 1.160794e+05 9.445791e+04
Star0008 7.941076e+30 -1.791334e+20 3.318248e+19 -3.884521e+04 -2.002433e+05
Star0009 2.841691e+30 4.280465e+19 -6.647440e+19 1.270151e+05 7.549484e+04
Star0010 2.683676e+30 1.089695e+20 -1.525799e+19 2.237029e+04 1.610789e+05
Star0011 7.085897e+30 -1.097758e+20 -4.287419e+19 7.016990e+04 -1.809393e+05
Star0012 9.738014e+29 1.703397e+19 3.175230e+19 -1.054127e+05 5.460888e+04
Star0013 4.249140e+30 1.585386e+20 3.131215e+19 -4.270180e+04 2.035695e+05
Star0014 3.605427e+30 -1.625961e+19 -4.613228e+19 2.188311e+05 -6.606743e+04
Star0015 4.106014e+30 -2.626565e+20 -7.984758e+19 5.422431e+04 -1.880825e+05
Star0016 1.668720e+30 -5.626402e+19 2.661401e+19 -5.874141e+04 -1.292515e+05
Star0017 2.605155e+30 -1.340194e+20 3.067546e+19 -4.838253e+04 -2.286763e+05
Star0018 6.903130e+29 1.588817e+20 4.027521e+19 -4.854482e+04 1.985448e+05
Star0019 1.012155e+30 -8.176339e+19 3.014113e+19 -6.070574e+04 -1.692927e+05
Star0020 3.646353e+29 -7.840606e+19 -4.874428e+20 2.035449e+05 -3.625614e+04
Star0021 3.031457e+30 -5.859274e+19 5.411925e+19 -1.063351e+05 -1.257196e+05
Star0022 4.935053e+30 -3.265031e+19 -9.034824e+19 1.419592e+05 -5.463817e+04
Star0023 1.868305e+30 8.256405e+19 -1.364228e+20 1.765206e+05 1.087021e+05
Star0024 2.411905e+30 -6.860637e+19 -5.450516e+19 9.256440e+04 -1.164477e+05
Star0025 8.724418e+30 -1.829100e+20 -3.424416e+20 1.917067e+05 -1.042019e+05
Star0026 2.408670e+30 1.039426e+20 -2.040276e+20 1.698317e+05 8.008751e+04
Star0027 5.845513e+30 1.607731e+20 -1.536842e+19 1.039665e+04 1.722534e+05
Star0028 9.293838e+30 -2.519664e+20 -3.743696e+20 2.110918e+05 -1.413196e+05
Star0029 1.526708e+30 1.865105e+19 -7.950223e+18 3.784081e+04 1.094129e+05
Star0030 9.095928e+29 -9.280257e+18 9.819476e+19 -1.939884e+05 -1.727938e+04
Star0031 1.477963e+30 -4.560328e+19 4.364111e+19 -8.232326e+04 -9.177817e+04
Star0032 2.353183e+30 3.564045e+19 1.460899e+20 -1.893852e+05 4.418013e+04
Star0033 3.745356e+30 -9.331438e+19 4.892666e+19 -8.626161e+04 -1.635410e+05
Star0034 6.022361e+29 1.214619e+20 1.727486e+18 -5.073905e+03 2.160708e+05
Star0035 2.014112e+30 5.397720e+19 -2.798956e+20 2.066823e+05 3.850625e+04
Star0036 2.367688e+30 1.261081e+19 2.891738e+19 -7.111173e+04 2.376567e+04
Star0037 3.968757e+29 9.005274e+19 -2.194473e+20 1.805060e+05 7.319075e+04
Star0038 2.108266e+30 -8.310592e+19 4.174655e+19 -8.095046e+04 -1.608502e+05
Star0039 1.281928e+30 4.224075e+19 6.008052e+19 -9.825001e+04 6.818415e+04
Star0040 2.380537e+30 -7.462490e+19 5.836173e+19 -1.078812e+05 -1.362739e+05
Star0041 2.870948e+30 -3.678924e+20 2.050188e+20 -1.134133e+05 -2.094953e+05
Star0042 2.804720e+30 -3.593923e+20 6.513530e+19 -3.491364e+04 -2.074222e+05
Star0043 5.520492e+30 -8.841808e+19 4.258935e+19 -7.726126e+04 -1.456824e+05
Star0044 5.740781e+30 2.275048e+20 2.989765e+18 -2.252595e+03 1.916170e+05
Star0045 1.732435e+30 -2.699450e+20 -6.791854e+19 5.315230e+04 -2.069009e+05
Star0046 9.380481e+29 -1.030264e+20 5.287280e+19 -8.001005e+04 -1.717885e+05
Star0047 1.196526e+30 1.053696e+20 9.422098e+18 -9.618477e+03 1.452230e+05
Star0048 1.887516e+29 6.841331e+19 -2.212970e+20 2.242598e+05 6.932799e+04
Star0049 3.040296e+30 1.272929e+20 -1.778255e+18 2.052568e+03 2.207393e+05
Star0050 2.316569e+30 -2.030775e+19 -7.264420e+19 1.454375e+05 -3.863630e+04
Star0051 7.282885e+29 3.323802e+18 -1.607805e+19 5.205122e+04 1.668015e+04
Star0052 1.217490e+30 8.489380e+18 -1.514528e+20 1.839570e+05 8.308441e+03
Star0053 1.795376e+30 9.950381e+19 -2.110450e+20 1.758343e+05 8.278356e+04
Star0054 2.825942e+30 2.122988e+19 -2.004716e+20 2.064382e+05 2.331975e+04
Star0055 1.869526e+30 1.691754e+20 -4.638186e+20 1.869491e+05 6.180398e+04
Star0056 2.294767e+30 -5.420062e+19 -6.997177e+19 1.306263e+05 -9.481515e+04
Star0057 2.798505e+30 -3.194309e+19 -5.671557e+19 1.278618e+05 -7.620529e+04
Star0058 2.513974e+30 -9.304854e+19 -3.012770e+20 1.987081e+05 -5.538870e+04
Star0059 2.521678e+30 -3.700007e+19 -1.560090e+20 2.083925e+05 -4.882992e+04
Star0060 1.334923e+30 2.564414e+19 4.889808e+18 -1.911589e+04 1.057676e+05
Star0061 1.546408e+30 -1.460590e+20 6.377708e+18 -5.264614e+03 -1.554613e+05
Star0062 3.573969e+30 3.405283e+18 1.768520e+19 -5.678030e+04 9.721736e+03
Star0063 2.271759e+30 4.690628e+18 1.432413e+19 -7.012482e+04 2.127883e+04
Star0064 3.738558e+30 -3.782531e+19 5.213943e+19 -1.147703e+05 -8.540532e+04
Star0065 2.046548e+30 -6.786410e+19 -1.455246e+20 1.938353e+05 -9.065577e+04
Star0066 1.275054e+30 -2.864820e+20 8.540436e+18 -6.315176e+03 -2.066531e+05
Star0067 9.956321e+29 2.150696e+19 -1.347791e+19 4.256124e+04 6.680444e+04
Star0068 1.945454e+30 -1.892135e+20 -1.227049e+20 1.128878e+05 -1.780388e+05
Star0069 3.595096e+30 2.531174e+19 1.531691e+20 -1.866289e+05 2.712721e+04
Star0070 2.205567e+30 3.122312e+18 1.421980e+20 -1.933229e+05 6.931788e+03
Star0071 1.432784e+30 5.444350e+19 9.316603e+19 -1.842404e+05 1.047983e+05
Star0072 9.135627e+29 1.426801e+20 -2.976171e+19 3.677107e+04 1.707093e+05
Star0073 2.727927e+30 -1.376123e+20 2.859313e+19 -4.365923e+04 -2.071154e+05
Star0074 1.360511e+30 7.538855e+19 -5.734157e+19 1.061676e+05 1.359425e+05
Star0075 1.959261e+30 2.158120e+19 6.657447e+18 -1.484055e+04 7.181582e+04
Star0076 1.501825e+30 -4.478887e+19 -5.527272e+19 1.232305e+05 -9.961513e+04
Star0077 4.311730e+30 8.403096e+19 -1.993867e+20 2.001279e+05 8.383252e+04
Star0078 4.270249e+30 -6.845150e+19 -9.905259e+19 1.374534e+05 -9.824211e+04
Star0079 3.550903e+30 -1.531704e+20 4.388598e+19 -5.991152e+04 -2.002884e+05
Star0080 1.590125e+30 -1.867791e+20 3.385195e+19 -3.847592e+04 -2.173512e+05
Star0081 2.164441e+30 -2.545862e+20 -2.541515e+20 1.452423e+05 -1.511655e+05
Star0082 2.762305e+30 -1.056644e+20 2.363566e+18 -6.039193e+03 -1.771457e+05
Star0083 2.678350e+30 1.562079e+19 1.927784e+20 -2.274286e+05 2.066667e+04
Star0084 1.102646e+30 -1.499166e+20 -3.721376e+19 4.723079e+04 -1.805154e+05
Star0085 1.630396e+30 -9.125032e+19 5.219632e+19 -8.679766e+04 -1.493693e+05
Star0086 2.815578e+30 3.279224e+19 -5.259645e+19 1.157367e+05 7.043662e+04
Star0087 1.454442e+30 2.444685e+20 1.743748e+20 -1.249901e+05 1.695890e+05
Star0088 2.501455e+30 -3.436715e+20 -2.149100e+20 1.221423e+05 -1.919188e+05
Star0089 1.452414e+30 -2.092576e+19 1.811749e+20 -2.227945e+05 -2.867302e+04
Star0090 4.245127e+29 1.149970e+20 -2.089195e+20 1.984421e+05 1.045435e+05
Star0091 3.188500e+30 1.543998e+19 1.056219e+18 1.308309e+02 5.940326e+04
Star0092 2.214607e+30 8.721923e+19 -6.038009e+19 1.105708e+05 1.564814e+05
Star0093 1.151708e+30 -1.999950e+19 1.689718e+20 -2.161140e+05 -2.364572e+04
Star0094 4.405765e+30 2.448874e+20 -1.844110e+20 1.243935e+05 1.665811e+05
Star0095 3.135941e+29 -1.012813e+18 -1.359850e+20 1.910879e+05 -1.038499e+03
Star0096 6.339247e+29 -1.804551e+20 -6.854830e+19 7.420867e+04 -1.951020e+05
Star0097 3.523350e+30 8.929375e+19 -4.214086e+19 6.820754e+04 1.589999e+05
Star0098 7.640708e+29 -1.298097e+20 -5.836003e+18 3.306372e+03 -1.827507e+05
Star0099 3.122547e+30 -2.069285e+18 -1.346016e+18 2.336851e+04 -4.944654e+04
Star0100 1.885120e+30 1.451787e+20 -2.025993e+19 2.332808e+04 1.870900e+05
Star0101 2.009151e+30 -3.991949e+18 -1.582976e+20 2.029540e+05 -8.781953e+03
Star0102 2.531389e+30 1.076840e+20 5.435443e+19 -8.415093e+04 1.736416e+05
Star0103 1.425317e+30 -1.669732e+19 2.910179e+18 -1.171733e+04 -8.751019e+04
Star0104 1.235588e+30 -8.146414e+18 1.179423e+20 -1.879864e+05 -1.108830e+04
Star0105 6.238661e+29 -5.334818e+19 3.205537e+19 -6.666273e+04 -1.082489e+05
Star0106 1.830179e+30 3.049323e+20 1.471627e+20 -9.762260e+04 2.015764e+05
Star0107 2.591244e+30 2.834845e+19 1.311699e+20 -2.092624e+05 4.639004e+04
Star0108 1.331425e+30 1.188444e+20 5.662418e+19 -9.156524e+04 1.983923e+05
Star0109 1.427449e+30 -1.592315e+20 2.909066e+20 -2.024982e+05 -1.090979e+05
Star0110 1.464123e+30 -1.098611e+19 -7.337921e+18 2.906442e+04 -5.387115e+04
Star0111 1.991891e+30 6.844296e+19 9.518508e+19 -1.745299e+05 1.236914e+05
Star0112 3.914712e+30 1.021830e+19 -1.280985e+18 -3.251184e+02 7.568625e+04
Star0113 3.860167e+30 -2.898291e+19 3.203657e+19 -7.272775e+04 -6.822029e+04
Star0114 8.200133e+30 -2.912155e+19 -6.619326e+19 1.077517e+05 -5.335498e+04
Star0115 1.296333e+30 1.485462e+20 -2.243938e+20 2.100569e+05 1.370220e+05
Star0116 2.131444e+30 6.212684e+19 -4.008057e+19 8.284012e+04 1.337588e+05
Star0117 2.972555e+30 -6.212033e+19 5.202877e+19 -1.181898e+05 -1.430703e+05
Star0118 5.579429e+30 -2.222613e+19 -1.295499e+19 5.682951e+04 -9.478957e+04
Star0119 1.724976e+30 2.176122e+20 -2.161401e+20 1.391713e+05 1.365767e+05
Star0120 3.031750e+30 3.818949e+19 -1.531889e+19 6.573244e+04 1.771763e+05
Star0121 1.632811e+30 6.908797e+19 8.423460e+19 -1.437154e+05 1.150145e+05
Star0122 1.131448e+30 -1.189600e+20 4.293970e+19 -6.755105e+04 -1.695877e+05
Star0123 1.033049e+30 -2.643571e+19 -1.036314e+20 1.763509e+05 -4.387776e+04
Star0124 1.003289e+30 1.827704e+19 4.659376e+18 -2.832548e+04 5.834756e+04
Star0125 2.065384e+30 -2.818603e+19 -5.100929e+19 1.491334e+05 -7.112588e+04
Star0126 3.184137e+30 1.848876e+19 4.617674e+18 -2.085777e+04 8.549124e+04
Star0127 2.809490e+30 -4.290551e+20 -2.964198e+19 1.158165e+04 -2.176747e+05
Star0128 4.757292e+30 -4.356543e+18 -6.505522e+18 3.972555e+04 -4.457830e+04
Star0129 2.991933e+30 2.361745e+19 3.170913e+18 -1.367862e+04 7.809047e+04
Star0130 5.683098e+29 2.750717e+20 -1.208320e+20 8.678234e+04 2.001873e+05
Star0131 1.467130e+30 3.841151e+19 -6.033829e+19 1.380932e+05 9.075704e+04
Star0132 7.162333e+30 -1.545161e+20 2.055437e+18 -2.997479e+03 -2.015510e+05
Star0133 4.712835e+29 1.537200e+20 -8.390717e+18 5.137150e+03 1.832789e+05
Star0134 2.076956e+30 1.991669e+20 -1.719958e+20 1.238171e+05 1.473316e+05
Star0135 1.632844e+30 7.200155e+17 -3.578821e+18 5.635824e+04 -2.262775e+03
Star0136 9.681664e+29 6.445500e+17 2.382909e+18 -4.698212e+04 1.353970e+04
Star0137 5.717739e+30 1.488961e+20 -2.474775e+19 3.413356e+04 2.103506e+05
Star0138 3.390125e+30 6.826387e+19 -5.845098e+19 1.056899e+05 1.285083e+05
Star0139 4.107880e+30 -6.553623e+18 -9.335745e+18 4.754223e+04 -3.634314e+04
Star0140 3.629253e+30 -6.206880e+19 3.097089e+19 -7.145021e+04 -1.429659e+05
Star0141 8.018139e+29 1.673488e+19 -1.606977e+20 1.724093e+05 1.528967e+04
Star0142 1.988890e+30 -3.430411e+19 1.332193e+19 -7.273119e+04 -2.003731e+05
Star0143 1.168290e+30 6.418510e+19 -3.532307e+19 7.446893e+04 1.411894e+05
Star0144 2.510252e+30 2.679465e+19 2.212233e+19 -9.814208e+04 1.082744e+05
Star0145 1.236418e+30 2.243292e+20 1.311100e+20 -1.076706e+05 1.922425e+05
Star0146 4.947460e+30 -4.593377e+19 -6.089568e+19 1.397236e+05 -1.043773e+05
Star0147 6.718036e+29 -3.041522e+19 2.070619e+20 -2.121868e+05 -2.559374e+04
Star0148 2.343696e+30 -5.793036e+19 3.267282e+19 -6.740118e+04 -1.184673e+05
Star0149 2.478104e+30 -5.453605e+19 -5.860798e+19 9.221606e+04 -8.457632e+04
Star0150 6.633472e+30 1.344190e+20 2.259376e+19 -2.731287e+04 1.798967e+05
Star0151 4.804560e+30 3.139843e+19 3.606351e+19 -1.082560e+05 1.180827e+05
Star0152 3.872262e+30 -1.439800e+20 1.736729e+19 -2.513290e+04 -1.919890e+05
Star0153 2.153991e+30 1.651304e+19 -1.448644e+20 1.902896e+05 2.500398e+04
Star0154 1.531749e+30 1.175325e+19 -1.101655e+18 2.481980e+03 5.033589e+04
Star0155 1.263359e+30 6.390652e+19 1.151987e+19 -1.977434e+04 1.293007e+05
Star0156 1.532819e+30 -1.301880e+18 -1.903176e+19 5.460185e+04 -3.591347e+02
Star0157 1.534257e+30 -2.892872e+20 4.000761e+20 -1.662763e+05 -1.216505e+05
Star0158 1.658251e+30 8.412225e+18 -2.090054e+20 2.273034e+05 7.233774e+03
Star0159 2.320695e+30 1.801615e+18 -2.206340e+19 9.765436e+04 3.590524e+03
Star0160 1.517086e+30 -1.577404e+20 2.114718e+20 -1.631247e+05 -1.259359e+05
Star0161 9.700180e+29 -2.972922e+19 -1.375680e+20 1.801868e+05 -4.502767e+04
Star0162 3.030164e+30 -4.540299e+19 5.206697e+19 -1.027331e+05 -9.158664e+04
Star0163 2.168621e+30 1.155806e+20 5.633079e+19 -8.806757e+04 1.783401e+05
Star0164 3.450793e+30 4.390379e+19 1.586660e+20 -1.945442e+05 5.775889e+04
Star0165 9.438342e+30 -4.837269e+18 2.152180e+19 -5.581266e+04 -9.699334e+03
Star0166 1.707018e+30 -2.019953e+19 1.375298e+19 -4.043154e+04 -7.552349e+04
Star0167 1.775092e+30 1.686494e+19 -1.025410e+19 3.916864e+04 6.406619e+04
Star0168 2.643255e+30 -5.915558e+19 -1.287389e+20 1.981946e+05 -9.607445e+04
Star0169 1.313643e+30 1.273666e+19 1.396481e+19 -6.203432e+04 3.789061e+04
Star0170 9.278424e+29 -9.192140e+19 2.410602e+19 -4.168658e+04 -1.452857e+05
Star0171 1.625145e+30 5.910125e+19 8.789291e+19 -1.303866e+05 8.792456e+04
Star0172 3.552354e+30 6.165390e+19 -8.559018e+19 1.181000e+05 8.826939e+04
Star0173 5.359089e+30 3.985510e+20 -2.913849e+20 1.300126e+05 1.716653e+05
Star0174 7.924513e+29 -5.070645e+19 -7.021320e+19 1.278202e+05 -9.353580e+04
Star0175 6.755881e+29 2.638447e+19 -1.169853e+20 1.999828e+05 4.477848e+04
Star0176 2.029894e+30 -1.979780e+18 1.810676e+20 -2.197091e+05 -7.276180e+03
Star0177 4.333951e+30 4.787485e+19 -1.830293e+20 2.047257e+05 5.764722e+04
Star0178 1.893352e+30 -3.243939e+19 1.451033e+20 -2.189683e+05 -4.587604e+04
Star0179 2.746210e+30 1.008265e+20 -2.421400e+19 4.209766e+04 1.869654e+05
Star0180 7.031500e+29 9.098974e+19 -2.474266e+20 2.115514e+05 7.718551e+04
Star0181 3.101983e+30 8.175637e+19 -2.951029e+19 5.885196e+04 1.786005e+05
Star0182 1.030406e+30 -3.440737e+20 6.016946e+19 -4.031962e+04 -2.309823e+05
Star0183 3.561940e+30 -2.636376e+20 1.466053e+20 -1.027585e+05 -1.956227e+05
Star0184 2.516970e+30 4.847024e+20 -9.386994e+19 4.192521e+04 2.273153e+05
Star0185 1.774692e+30 -4.427270e+19 4.894949e+19 -9.404132e+04 -8.959453e+04
Star0186 3.545376e+30 4.640855e+19 6.776244e+19 -1.332155e+05 9.607531e+04
Star0187 1.686592e+30 5.703012e+19 -4.810786e+19 8.049353e+04 9.473379e+04
Star0188 2.178248e+30 -2.211030e+19 5.519101e+18 -1.996584e+04 -9.471269e+04
Star0189 1.515714e+30 1.253586e+20 -2.421796e+19 3.900681e+04 1.851685e+05
Star0190 2.100829e+30 4.019416e+18 -2.281888e+20 1.960783e+05 1.880919e+03
Star0191 4.385957e+30 -3.307907e+19 4.897808e+20 -1.938531e+05 -1.807264e+04
Star0192 4.984432e+30 -2.663324e+20 -1.077563e+20 7.745127e+04 -1.965752e+05
Star0193 2.062925e+30 -1.746119e+20 -3.406787e+20 1.863820e+05 -8.941850e+04
Star0194 2.087987e+30 4.227037e+19 5.536385e+19 -1.455247e+05 1.073369e+05
Star0195 1.062092e+30 -1.936651e+20 -1.570577e+20 1.399532e+05 -1.689941e+05
Star0196 7.105059e+29 1.549635e+20 -2.642461e+20 1.982117e+05 1.208211e+05
Star0197 3.191416e+30 3.206938e+19 9.875841e+19 -1.885634e+05 6.706666e+04
Star0198 4.217546e+30 5.560889e+18 7.669561e+18 -4.368683e+04 2.857360e+04
Star0199 2.021765e+30 3.038467e+19 7.271966e+19 -1.266269e+05 5.227637e+04
Star0200 2.535232e+30 2.852271e+19 6.256248e+19 -1.372291e+05 6.413615e+04
Star0201 2.943793e+30 2.311912e+19 -1.413682e+20 1.926909e+05 3.153752e+04
Star0202 2.063338e+30 -1.986308e+20 5.667725e+19 -5.760757e+04 -2.130782e+05
Star0203 4.152232e+30 4.591096e+19 8.218092e+19 -1.412837e+05 7.382947e+04
Star0204 1.730318e+30 2.284428e+20 9.545489e+19 -7.767916e+04 1.968814e+05
Star0205 2.202524e+30 -3.849579e+19 -1.422425e+20 2.082767e+05 -5.760433e+04
Star0206 1.711083e+30 -5.163364e+19 -4.386491e+19 8.568411e+04 -1.008738e+05
Star0207 2.511821e+30 4.037152e+19 5.965053e+19 -1.504320e+05 1.050415e+05
Star0208 8.568009e+29 1.149386e+20 1.693377e+19 -2.218345e+04 1.672078e+05
Star0209 8.854973e+29 8.157909e+19 -1.476496e+19 2.518415e+04 1.578560e+05
Star0210 1.982418e+30 -1.384618e+20 -4.937061e+19 6.688590e+04 -1.951957e+05
Star0211 2.235476e+30 1.144517e+20 -1.543094e+20 1.684737e+05 1.264069e+05
Star0212 8.109659e+30 -1.635387e+18 1.333065e+20 -2.010310e+05 -5.177814e+03
Star0213 1.333497e+30 1.578902e+19 -1.336678e+19 4.412494e+04 4.953976e+04
Star0214 1.270004e+30 -4.879155e+19 -4.472277e+19 9.486753e+04 -9.316864e+04
Star0215 1.959230e+30 4.420380e+19 1.031566e+20 -1.663051e+05 7.113114e+04
Star0216 4.835227e+30 -1.514706e+19 6.411210e+18 -2.159535e+04 -5.901637e+04
Star0217 2.165939e+30 -5.893549e+19 5.227381e+19 -8.816568e+04 -1.026749e+05
Star0218 2.424926e+30 1.158091e+20 -1.547689e+20 1.612627e+05 1.224728e+05
Star0219 4.323542e+30 1.912177e+20 1.287943e+20 -1.131177e+05 1.683519e+05
Star0220 9.618089e+29 2.482832e+20 4.267358e+20 -1.867310e+05 1.095908e+05
Star0221 4.707930e+30 -3.217904e+18 1.044604e+19 -5.591427e+04 -2.640760e+04
Star0222 1.233114e+30 -5.684475e+19 -4.910444e+19 9.394861e+04 -1.110087e+05
Star0223 1.420647e+30 6.715167e+19 -1.800310e+20 2.130782e+05 8.179761e+04
Star0224 1.200377e+30 -1.347982e+20 1.760923e+19 -2.302848e+04 -1.627107e+05
Star0225 3.285700e+30 -5.880293e+19 -8.045228e+19 1.278777e+05 -9.012154e+04
Star0226 2.207311e+30 -2.337355e+20 1.106358e+19 -7.939489e+03 -2.125977e+05
Star0227 1.177320e+30 -1.853178e+20 -4.684518e+19 5.059151e+04 -2.024834e+05
Star0228 6.586089e+30 -2.042825e+20 -1.918617e+20 1.658205e+05 -1.768408e+05
Star0229 8.096136e+30 1.266148e+20 8.013644e+18 -4.461485e+03 2.030065e+05
Star0230 2.787725e+30 5.967188e+19 -4.915722e+19 8.666536e+04 1.023715e+05
Star0231 2.039182e+30 -2.277338e+20 2.198380e+20 -1.387811e+05 -1.435867e+05
Star0232 1.388422e+30 -1.276900e+20 1.479589e+19 -2.888700e+04 -2.102215e+05
Star0233 9.160575e+29 2.874021e+19 -1.929094e+19 9.072520e+04 1.408217e+05
Star0234 1.787491e+30 6.953766e+19 1.911499e+20 -2.109552e+05 7.580993e+04
Star0235 6.365955e+29 3.679605e+20 1.453844e+20 -7.316128e+04 1.770899e+05
Star0236 3.788768e+29 6.249052e+19 1.689813e+20 -1.980112e+05 7.259024e+04
Star0237 9.066016e+29 1.459848e+19 -2.288636e+19 1.124368e+05 7.878763e+04
Star0238 4.769907e+29 7.248959e+19 -5.211266e+19 8.322365e+04 1.194154e+05
Star0239 2.446941e+30 6.546202e+19 -4.628327e+20 2.138041e+05 3.150117e+04
Star0240 2.481964e+30 -3.239760e+20 3.725420e+20 -1.568687e+05 -1.334632e+05
Star0241 1.266916e+30 3.168906e+19 -4.165494e+20 2.231984e+05 1.706172e+04
Star0242 3.474079e+29 2.560299e+19 -2.808586e+19 1.416605e+05 1.284779e+05
Star0243 5.271862e+29 4.057764e+19 7.257632e+19 -1.405287e+05 8.205044e+04
Star0244 3.781273e+30 1.428241e+17 -1.554145e+20 1.992704e+05 -1.380691e+03
Star0245 5.577935e+29 1.387416e+19 -1.859938e+20 1.964249e+05 1.481995e+04
Star0246 1.595896e+30 3.712802e+18 -1.344089e+19 4.854191e+04 2.968219e+03
Star0247 3.546345e+30 9.898874e+18 9.322530e+18 -3.703611e+04 3.946178e+04
Star0248 1.085600e+30 -1.633835e+20 -2.073480e+19 2.913813e+04 -1.968174e+05
Star0249 1.115898e+30 -1.600628e+20 4.736796e+19 -6.392395e+04 -2.152394e+05
Star0250 1.172026e+30 -3.514409e+20 -1.838396e+20 9.951863e+04 -1.978825e+05
Star0251 1.815863e+30 -2.581894e+19 -1.060455e+20 1.733716e+05 -4.423666e+04
Star0252 2.087508e+30 -1.069734e+20 2.207977e+20 -2.123110e+05 -1.051693e+05
Star0253 4.686981e+29 1.149959e+19 -2.991676e+18 9.398782e+03 5.517618e+04
Star0254 2.871885e+30 -5.325105e+19 -3.834689e+19 8.389850e+04 -1.177343e+05
Star0255 3.391202e+30 -1.326450e+20 8.495989e+18 -1.023302e+04 -1.950246e+05
Star0256 4.630033e+29 -6.475994e+19 4.264128e+19 -8.996022e+04 -1.355828e+05
Star0257 2.079838e+30 3.438466e+20 -3.542845e+20 1.604985e+05 1.488058e+05
Star0258 1.512783e+30 8.839260e+19 -3.098279e+19 5.984807e+04 1.741430e+05
Star0259 1.592658e+30 3.503475e+19 5.129650e+19 -1.110321e+05 7.386447e+04
Star0260 2.006604e+30 -1.655838e+19 -1.408194e+20 2.171607e+05 -2.502467e+04
Star0261 3.385399e+30 -3.858558e+17 2.263124e+20 -1.997128e+05 -9.764217e+02
Star0262 6.006302e+30 5.835722e+19 3.754244e+19 -9.581726e+04 1.523689e+05
Star0263 1.663011e+30 -1.141536e+20 2.079511e+19 -3.241263e+04 -1.936352e+05
Star0264 7.246494e+30 2.263808e+20 2.036011e+19 -2.179312e+04 1.875378e+05
Star0265 2.637520e+30 1.847230e+20 2.689784e+20 -1.747745e+05 1.179695e+05
Star0266 1.906126e+30 1.735243e+19 1.291825e+19 -4.448460e+04 3.493510e+04
Star0267 1.708583e+30 -3.541592e+18 1.516059e+20 -2.127203e+05 -6.072965e+03
Star0268 2.161812e+30 -1.231731e+20 4.729382e+19 -7.192951e+04 -1.905818e+05
Star0269 3.948909e+30 -9.740418e+19 1.896219e+19 -3.477461e+04 -1.797529e+05
Star0270 1.198052e+30 -2.075562e+19 6.423248e+18 -3.401906e+04 -5.107338e+04
Star0271 1.498787e+30 -1.635323e+20 3.994691e+19 -4.337838e+04 -1.994182e+05
Star0272 4.796162e+30 1.031190e+20 -1.977982e+19 3.066592e+04 1.655357e+05
Star0273 5.151718e+30 -8.805082e+19 3.653604e+19 -6.126445e+04 -1.448411e+05
Star0274 1.405920e+30 -2.323307e+20 -4.915590e+19 4.319666e+04 -2.160180e+05
Star0275 2.753457e+30 -1.614010e+20 1.303969e+20 -1.274702e+05 -1.502508e+05
Star0276 7.731408e+29 1.167857e+20 2.834659e+19 -4.956515e+04 2.023327e+05
Star0277 9.717279e+29 1.669105e+18 1.295095e+20 -1.957080e+05 -2.239437e+02
Star0278 1.591710e+30 -1.513139e+20 -6.700720e+18 1.013445e+04 -2.099224e+05
Star0279 1.106040e+30 -2.907740e+19 -2.274669e+19 1.165022e+05 -1.297491e+05
Star0280 2.369098e+30 3.217583e+18 1.744278e+20 -1.601620e+05 6.382293e+02
Star0281 1.559498e+30 -1.920568e+20 -3.119411e+20 1.895560e+05 -1.160720e+05
Star0282 9.859649e+29 -2.301810e+20 -2.691621e+20 1.516685e+05 -1.319460e+05
Star0283 8.074976e+29 -1.493915e+20 2.088254e+19 -3.320312e+04 -2.250077e+05
Star0284 1.091192e+30 -1.159906e+20 4.232885e+19 -7.299921e+04 -2.080040e+05
Star0285 2.122927e+30 -2.645845e+20 -1.199239e+20 7.901735e+04 -1.881356e+05
Star0286 1.125219e+31 -9.378128e+18 1.554842e+18 -1.508400e+04 -6.540110e+04
Star0287 1.396245e+30 -1.381871e+18 1.734501e+20 -1.894426e+05 -4.362996e+02
Star0288 7.759867e+29 -7.569818e+17 -2.349612e+18 5.873828e+04 -1.764977e+04
Star0289 1.267773e+30 1.748348e+20 3.543399e+19 -4.453861e+04 2.459118e+05
Star0290 1.010661e+30 -2.933918e+19 -1.660344e+20 1.911035e+05 -3.139639e+04
Star0291 2.671657e+30 3.421940e+19 3.455000e+19 -7.825612e+04 7.241551e+04
Star0292 1.050806e+30 -1.151819e+19 1.027213e+20 -2.017420e+05 -2.617599e+04
Star0293 2.012990e+30 -8.639162e+18 -3.287912e+18 2.485381e+04 -4.381061e+04
Star0294 3.171235e+30 1.244292e+20 3.877763e+19 -5.853050e+04 1.878606e+05
Star0295 2.497614e+30 -9.935504e+19 4.614084e+19 -8.856634e+04 -1.958563e+05
Star0296 1.263798e+30 1.060832e+20 -3.393381e+19 4.722260e+04 1.524585e+05
Star0297 1.460750e+30 5.405944e+18 1.393877e+19 -7.042820e+04 2.490827e+04
Star0298 1.007716e+30 9.897202e+17 3.459421e+19 -1.158984e+05 4.052540e+03
Star0299 7.170912e+29 -1.114348e+20 1.520329e+19 -2.426210e+04 -1.532376e+05
Star0300 2.173651e+30 -2.627703e+20 -8.818667e+19 7.524327e+04 -2.256357e+05
Star0301 1.598136e+30 -1.918501e+20 -2.249631e+20 1.906512e+05 -1.658886e+05
Star0302 1.316896e+30 3.537840e+19 -1.244960e+19 2.014983e+04 6.714076e+04
Star0303 1.606480e+30 -9.633823e+19 1.721384e+20 -1.804395e+05 -9.630647e+04
Star0304 3.088039e+30 1.945050e+19 1.014573e+20 -1.592203e+05 2.812905e+04
Star0305 9.586028e+29 -1.839107e+20 -8.140798e+19 8.476347e+04 -2.008588e+05
Star0306 2.260496e+30 -8.625297e+19 4.546415e+19 -6.783026e+04 -1.338448e+05
Star0307 1.065759e+30 1.552161e+20 2.557089e+19 -3.486235e+04 1.882504e+05
Star0308 4.106451e+30 7.938476e+19 -9.777699e+19 1.616627e+05 1.371047e+05
Star0309 1.459204e+30 8.536233e+19 -3.397316e+18 7.228807e+03 1.384640e+05
Star0310 5.655150e+30 5.175245e+19 -6.458430e+19 1.185972e+05 9.005826e+04
Star0311 3.089477e+30 6.848966e+19 8.293572e+19 -1.514938e+05 1.237282e+05
Star0312 7.108836e+29 7.035801e+19 -3.966662e+19 7.804232e+04 1.483259e+05
Star0313 3.789140e+30 -1.898001e+20 5.455428e+18 -4.057810e+03 -1.985637e+05
Star0314 2.485576e+30 5.148293e+19 -1.842185e+20 1.982701e+05 5.374864e+04
Star0315 1.757377e+30 -7.806167e+18 -1.149948e+19 4.831255e+04 -2.691635e+04
Star0316 1.149790e+30 3.624929e+20 -3.351819e+20 1.497111e+05 1.615038e+05
Star0317 3.152196e+30 1.613972e+19 -1.980488e+20 1.929848e+05 2.039182e+04
Star0318 2.999279e+30 -9.982572e+19 6.884247e+18 -1.080211e+04 -1.669523e+05
Star0319 2.784358e+30 -3.650581e+19 1.409913e+20 -2.028608e+05 -5.129681e+04
Star0320 1.903105e+30 7.244496e+19 5.207807e+19 -1.028610e+05 1.460930e+05
Star0321 2.863746e+30 6.565098e+18 -2.159922e+19 6.256031e+04 1.803717e+04
Star0322 4.134408e+30 7.976982e+19 -8.091195e+19 1.263139e+05 1.226325e+05
Star0323 4.205612e+30 1.091070e+19 1.990387e+20 -2.125422e+05 6.875529e+03
Star0324 1.894932e+30 -1.614503e+20 -2.768403e+20 1.949653e+05 -1.156500e+05
Star0325 5.820736e+29 6.245513e+18 -2.189966e+19 6.592187e+04 1.292300e+04
Star0326 7.435676e+29 -1.031161e+20 2.247494e+19 -4.014889e+04 -1.801281e+05
Star0327 1.921061e+30 7.127585e+18 9.172696e+17 3.343907e+03 5.597768e+04
Star0328 6.505832e+30 1.855704e+20 1.029535e+20 -8.376230e+04 1.510359e+05
Star0329 3.258699e+30 -1.342500e+20 -5.529797e+19 8.871928e+04 -1.980974e+05
Star0330 2.021105e+30 2.061929e+20 7.694419e+19 -6.908811e+04 1.734192e+05
Star0331 5.185903e+30 2.163313e+20 -1.757029e+20 1.354707e+05 1.707510e+05
Star0332 1.631896e+30 5.504123e+19 -2.822830e+20 1.794304e+05 3.498905e+04
Star0333 1.469983e+31 2.647022e+20 -1.363253e+20 9.017399e+04 1.830488e+05
Star0334 2.690600e+30 2.256424e+20 1.183938e+20 -1.045429e+05 2.061943e+05
Star0335 1.257241e+30 -1.318264e+20 1.787429e+20 -1.574219e+05 -1.199258e+05
Star0336 3.261831e+30 1.471446e+19 1.140779e+19 -4.863918e+04 6.928577e+04
Star0337 4.659128e+30 -9.320938e+18 -5.151507e+18 4.239790e+04 -6.127756e+04
Star0338 5.611911e+30 -2.989732e+19 5.929446e+19 -1.230656e+05 -6.304706e+04
Star0339 8.554391e+29 2.252133e+20 -2.039278e+20 1.434834e+05 1.513623e+05
Star0340 3.751434e+30 8.113076e+18 8.139821e+18 -4.422446e+04 4.282613e+04
Star0341 5.953723e+29 -1.429254e+20 8.378514e+18 -9.754740e+03 -2.014559e+05
Star0342 3.038746e+30 1.038066e+20 -7.740453e+19 1.004496e+05 1.336015e+05
Star0343 1.218881e+30 -1.270784e+20 1.228115e+20 -1.335837e+05 -1.391355e+05
Star0344 2.147844e+30 -3.458191e+20 -2.471722e+20 1.277745e+05 -1.795845e+05
Star0345 1.624575e+30 5.503944e+19 -1.455567e+20 2.219201e+05 8.108897e+04
Star0346 3.014486e+30 -1.687566e+20 -4.000554e+19 5.154757e+04 -2.154157e+05
Star0347 2.567638e+30 -4.953376e+19 1.559677e+20 -1.910593e+05 -6.309222e+04
Star0348 6.125176e+29 -9.021514e+18 -2.143830e+18 2.763667e+04 -7.835446e+04
Star0349 1.384731e+30 -3.015982e+18 1.272322e+20 -2.017631e+05 -2.856804e+03
Star0350 2.883495e+30 1.923039e+20 -2.158053e+20 1.587036e+05 1.425114e+05
Star0351 2.244251e+30 2.606982e+18 2.556091e+19 -1.063378e+05 1.559404e+04
Star0352 1.579958e+30 6.626057e+19 2.379279e+19 -5.254684e+04 1.280354e+05
Star0353 1.172084e+30 -2.225848e+20 4.197220e+20 -2.399366e+05 -1.306276e+05
Star0354 3.131855e+30 1.713617e+20 1.302042e+20 -1.118605e+05 1.464559e+05
Star0355 8.404531e+30 1.085360e+20 -4.264556e+19 7.528080e+04 1.952116e+05
Star0356 2.884651e+30 -6.085418e+19 -1.161794e+19 2.508343e+04 -1.386730e+05
Star0357 1.154174e+30 -2.123939e+19 1.313021e+19 -4.131316e+04 -7.791088e+04
Star0358 1.891116e+30 -4.250026e+17 6.618864e+18 -5.489242e+04 -3.621955e+03
Star0359 3.383577e+30 1.021333e+20 -5.617429e+19 9.266936e+04 1.694452e+05
Star0360 1.976047e+30 3.336586e+20 -1.167697e+20 8.027081e+04 2.265383e+05
Star0361 1.785710e+30 1.656205e+19 1.336056e+19 -4.891453e+04 6.226855e+04
Star0362 1.410286e+30 7.362812e+19 -1.183756e+19 2.350891e+04 1.673010e+05
Star0363 9.847284e+29 1.537417e+20 -2.254750e+19 2.628512e+04 1.951074e+05
Star0364 5.574225e+29 1.098877e+20 -5.052822e+19 8.474098e+04 1.876939e+05
Star0365 8.031216e+30 -6.599175e+19 1.241512e+20 -1.784750e+05 -9.739178e+04
Star0366 8.705350e+29 3.698979e+18 -3.864460e+19 7.662421e+04 9.921432e+03
Star0367 4.001557e+30 -5.425619e+19 -4.763366e+19 8.477411e+04 -9.399082e+04
Star0368 4.502705e+29 4.901665e+19 5.200476e+19 -1.098532e+05 1.038010e+05
Star0369 2.211531e+30 -1.452324e+20 1.027058e+19 -1.325973e+04 -1.886263e+05
Star0370 9.261559e+30 -1.982180e+20 5.525486e+18 9.940903e+02 -2.030456e+05
Star0371 2.866517e+30 4.319002e+19 1.277532e+20 -1.758085e+05 5.982868e+04
Star0372 7.961980e+29 3.103246e+19 -6.187270e+19 1.679849e+05 8.196216e+04
Star0373 7.525242e+29 -5.299037e+19 6.164888e+19 -1.254120e+05 -1.049866e+05
Star0374 5.883387e+29 -1.124610e+19 -1.954675e+20 2.036338e+05 -7.416734e+03
Star0375 8.115538e+29 -1.246300e+18 2.130830e+18 -4.601167e+04 -3.647240e+04
Star0376 3.450062e+29 1.455541e+19 -2.763135e+18 7.349455e+03 4.695005e+04
Star0377 1.290931e+30 2.462775e+18 1.686330e+17 -9.686612e+03 1.067046e+05
Star0378 1.919551e+30 1.481178e+20 -4.436566e+19 7.175995e+04 2.329050e+05
Star0379 7.774203e+29 1.592244e+19 -1.229406e+18 1.329847e+04 8.716864e+04
Star0380 5.860760e+30 9.879921e+18 -9.568142e+19 1.484077e+05 1.721516e+04
Star0381 5.479800e+30 -2.874814e+19 1.200339e+19 -1.682167e+04 -6.624394e+04
Star0382 1.730885e+30 7.499660e+19 -7.667512e+19 1.269970e+05 1.290386e+05
Star0383 8.783681e+29 -2.077930e+20 -1.676091e+20 1.506793e+05 -1.877215e+05
Star0384 2.980250e+30 -5.004751e+19 4.973652e+19 -1.123383e+05 -1.145603e+05
Star0385 2.410212e+30 6.659694e+18 5.662844e+18 -4.137087e+04 4.523730e+04
Star0386 7.385116e+29 1.862635e+20 2.140868e+20 -1.814632e+05 1.561477e+05
Star0387 2.520687e+30 3.559366e+18 -2.084333e+20 2.430354e+05 2.787619e+03
Star0388 5.925893e+29 -4.356764e+19 -7.521114e+19 1.331768e+05 -7.730719e+04
Star0389 5.028730e+30 -5.543278e+18 1.641949e+19 -4.692849e+04 -2.725402e+04
Star0390 3.119016e+30 7.953656e+18 1.015182e+20 -1.726147e+05 1.128719e+04
Star0391 7.622322e+29 -2.353077e+20 -3.211248e+20 1.734629e+05 -1.260955e+05
Star0392 2.509763e+30 -1.046136e+20 -3.569805e+20 2.125051e+05 -6.470758e+04
Star0393 8.281205e+29 -3.937225e+19 4.822919e+19 -1.202468e+05 -9.397971e+04
Star0394 3.117994e+30 -1.684913e+19 2.493296e+19 -6.640147e+04 -4.935360e+04
Star0395 1.405897e+31 1.791393e+19 9.700107e+19 -1.888243e+05 3.589355e+04
Star0396 7.158722e+29 -1.506210e+20 2.441608e+19 -3.078744e+04 -2.080218e+05
Star0397 4.421921e+30 5.203513e+18 -8.217858e+18 5.289009e+04 2.950378e+04
Star0398 2.365653e+30 -9.272638e+19 3.382958e+19 -6.595219e+04 -1.716601e+05
Star0399 3.425728e+30 1.826756e+20 -1.943012e+20 1.497920e+05 1.409096e+05
Star0400 1.550263e+30 -1.511216e+20 -8.186807e+19 8.686010e+04 -1.601608e+05
Star0401 4.553179e+30 2.146331e+20 2.180182e+20 -1.616111e+05 1.557812e+05
Star0402 9.941354e+29 -1.137427e+20 4.621914e+19 -6.091745e+04 -1.518903e+05
Star0403 1.153905e+30 -1.557886e+19 -2.512895e+19 1.540882e+05 -1.040381e+05
Star0404 2.111303e+30 -3.064793e+19 -1.215645e+20 2.049285e+05 -5.080975e+04
Star0405 1.434933e+30 1.000525e+20 8.917287e+19 -1.216421e+05 1.346852e+05
Star0406 2.543939e+30 2.556296e+20 1.490378e+20 -1.188178e+05 2.017589e+05
Star0407 1.947153e+30 5.377157e+19 3.376405e+19 -6.635957e+04 1.167279e+05
Star0408 7.212955e+29 -1.003483e+19 -1.967592e+20 2.065420e+05 -8.624637e+03
Star0409 1.084798e+30 -4.149341e+19 1.226934e+20 -1.956883e+05 -6.574449e+04
Star0410 3.159726e+30 -4.494609e+19 5.224819e+19 -1.262894e+05 -1.030876e+05
Star0411 1.664470e+30 -1.012079e+20 1.818157e+20 -1.923745e+05 -1.050823e+05
Star0412 4.350207e+30 -1.110737e+20 2.279159e+19 -3.754846e+04 -1.902891e+05
Star0413 3.178523e+30 -9.171644e+19 5.396516e+19 -9.705106e+04 -1.669787e+05
Star0414 3.009690e+30 1.910822e+19 1.911477e+18 -8.895333e+03 6.364607e+04
Star0415 6.316359e+29 -1.877398e+20 -2.692154e+19 3.020897e+04 -1.913505e+05
Star0416 1.332415e+30 -1.900116e+20 -7.473622e+19 7.420240e+04 -1.815703e+05
Star0417 1.860088e+30 4.887320e+19 4.081612e+19 -9.516875e+04 1.191343e+05
Star0418 6.011727e+30 5.310795e+19 -1.623205e+20 2.109558e+05 6.953668e+04
Star0419 1.113491e+30 2.254576e+20 1.636977e+20 -1.306884e+05 1.871463e+05
Star0420 6.005974e+30 2.453984e+20 8.222881e+19 -6.106648e+04 1.860924e+05
Star0421 1.551831e+30 6.333369e+19 6.645689e+19 -1.141225e+05 1.141296e+05
Star0422 5.483931e+29 -1.908018e+20 2.326215e+20 -1.716709e+05 -1.425106e+05
Star0423 1.900964e+30 8.522670e+18 4.716911e+19 -9.818468e+04 2.308302e+04
Star0424 6.628967e+29 -5.785337e+19 3.791446e+19 -9.268801e+04 -1.325572e+05
Star0425 3.532774e+30 -1.893210e+18 -1.522144e+20 2.297637e+05 -8.720505e+03
Star0426 9.582366e+29 1.669492e+20 -3.656829e+19 4.261449e+04 1.881555e+05
Star0427 6.017098e+30 1.295825e+20 -4.686978e+20 2.252278e+05 6.551146e+04
Star0428 2.162688e+30 -3.941294e+19 -6.077112e+19 9.356821e+04 -6.726656e+04
Star0429 1.819394e+30 7.082780e+19 -4.547872e+19 8.904237e+04 1.439066e+05
Star0430 9.421096e+29 -6.504977e+19 -4.760657e+19 8.960588e+04 -1.355396e+05
Star0431 3.799106e+30 -3.852009e+20 3.088175e+20 -1.520748e+05 -1.945284e+05
Star0432 2.778172e+30 2.671902e+20 -3.024685e+20 1.748251e+05 1.493910e+05
Star0433 1.803101e+30 4.464108e+20 2.108683e+20 -9.636220e+04 1.910990e+05
Star0434 3.594687e+30 -7.365812e+19 6.499534e+19 -1.008492e+05 -1.104029e+05
Star0435 1.413698e+30 -3.186027e+19 1.143047e+19 -1.467246e+04 -5.098324e+04
Star0436 4.473026e+30 -9.437336e+19 2.538198e+19 -4.444115e+04 -1.605044e+05
Star0437 5.816041e+30 1.797258e+19 2.684868e+18 -3.163250e+03 5.806803e+04
Star0438 1.276965e+30 2.407978e+19 8.110413e+19 -1.242901e+05 3.417300e+04
Star0439 2.138549e+30 -4.751055e+18 -2.016209e+18 2.690250e+04 -5.154225e+04
Star0440 1.095114e+30 -2.616432e+19 6.929038e+19 -8.917377e+04 -3.197856e+04
Star0441 1.798876e+30 6.585053e+19 -3.630908e+19 8.206230e+04 1.525632e+05
Star0442 3.805129e+30 -1.797044e+20 3.923669e+19 -4.269088e+04 -2.071711e+05
Star0443 2.075566e+30 -3.564166e+18 1.055433e+19 -5.504153e+04 -2.098834e+04
Star0444 3.522498e+30 3.141725e+19 1.316247e+20 -1.948363e+05 4.452076e+04
Star0445 2.113980e+30 3.444951e+19 6.808539e+19 -1.435537e+05 7.429820e+04
Star0446 1.057870e+30 -6.300079e+19 -5.282170e+19 1.151947e+05 -1.384714e+05
Star0447 3.214384e+30 2.285585e+18 -1.777102e+19 1.432685e+05 1.483979e+04
Star0448 3.742964e+30 -2.430830e+20 1.171956e+20 -7.315467e+04 -1.508347e+05
Star0449 1.507456e+30 -5.824858e+18 1.457277e+20 -1.903212e+05 -8.956788e+03
Star0450 1.218868e+30 2.426419e+20 8.149764e+19 -8.279052e+04 2.230578e+05
Star0451 3.604069e+30 1.514689e+20 6.577605e+19 -6.719597e+04 1.456798e+05
Star0452 1.387822e+30 -1.589043e+20 -1.108665e+20 1.161117e+05 -1.609844e+05
Star0453 5.423749e+30 5.898439e+19 -5.064393e+19 9.363236e+04 1.062844e+05
Star0454 9.944472e+29 2.630419e+19 -1.940490e+20 1.963238e+05 2.818689e+04
Star0455 2.344824e+30 -2.888651e+19 -8.078572e+19 1.656602e+05 -4.993273e+04
Star0456 5.390944e+29 2.674392e+19 7.503726e+19 -1.674185e+05 6.090345e+04
Star0457 2.035727e+30 1.579400e+20 1.194783e+20 -1.305219e+05 1.787637e+05
Star0458 2.460062e+30 6.171537e+19 5.536447e+19 -1.207148e+05 1.278427e+05
Star0459 1.381375e+30 -2.243837e+20 -1.423440e+20 1.112479e+05 -1.722344e+05
Star0460 8.887606e+29 -1.531078e+19 -1.226387e+20 2.300826e+05 -2.771083e+04
Star0461 1.906801e+30 1.212936e+20 -4.218569e+20 2.244774e+05 6.606315e+04
Star0462 1.103704e+30 -4.258390e+19 -3.263082e+19 9.303497e+04 -1.278630e+05
Star0463 5.250275e+30 2.695201e+20 -4.136507e+20 1.723480e+05 1.101219e+05
Star0464 1.190798e+30 -2.765983e+19 -2.316518e+19 8.697102e+04 -1.048794e+05
Star0465 6.252693e+29 6.286893e+19 6.718569e+19 -1.247485e+05 1.200956e+05
Star0466 1.917448e+30 1.275613e+20 4.769446e+20 -1.997346e+05 5.598550e+04
Star0467 2.465007e+30 -2.372380e+19 -7.108922e+18 1.661930e+04 -6.855107e+04
Star0468 6.742158e+30 4.507021e+19 4.299826e+19 -7.968333e+04 8.617186e+04
Star0469 1.347723e+30 -4.822289e+19 1.848988e+20 -1.996150e+05 -5.574613e+04
Star0470 1.582874e+30 -1.508130e+20 -1.472294e+19 1.788503e+04 -1.908875e+05
Star0471 8.835939e+29 -2.909316e+19 -8.252660e+18 1.133643e+04 -4.732223e+04
Star0472 4.334592e+30 -1.267229e+20 -3.876813e+19 6.264224e+04 -1.949656e+05
Star0473 1.088212e+30 -6.137340e+19 4.015421e+19 -8.316395e+04 -1.310241e+05
Star0474 6.192837e+30 2.283934e+20 1.124022e+20 -1.058435e+05 2.084308e+05
Star0475 2.707818e+30 1.834569e+20 1.765812e+20 -1.498521e+05 1.513098e+05
Star0476 6.051467e+29 -1.897539e+19 5.919983e+19 -1.308585e+05 -3.986996e+04
Star0477 4.586798e+30 5.838290e+19 -4.653480e+19 9.502801e+04 1.133569e+05
Star0478 2.057189e+30 1.842387e+20 1.889950e+19 -1.905822e+04 2.055941e+05
Star0479 2.107583e+30 1.589259e+19 -1.100102e+19 5.043844e+04 6.843117e+04
Star0480 4.187694e+29 -4.369125e+19 -1.754523e+20 2.093246e+05 -4.893169e+04
Star0481 7.292739e+29 -3.231832e+20 3.732300e+20 -1.691178e+05 -1.436871e+05
Star0482 7.923077e+29 -3.164236e+19 -7.510010e+19 1.275100e+05 -5.843412e+04
Star0483 1.000701e+30 -4.782035e+19 -1.656692e+20 2.270358e+05 -6.072200e+04
Star0484 6.335315e+30 -4.931778e+20 2.288267e+19 -5.130128e+03 -1.915118e+05
Star0485 8.443080e+29 -3.692101e+18 -1.101511e+20 1.881274e+05 1.782709e+03
Star0486 8.920117e+29 -1.382128e+20 3.842843e+19 -5.271886e+04 -1.815406e+05
Star0487 1.906705e+30 3.404590e+19 1.730640e+20 -2.302571e+05 4.641181e+04
Star0488 2.265465e+30 4.887922e+19 5.694173e+19 -1.016479e+05 9.023768e+04
Star0489 8.304038e+29 -2.013160e+20 -5.077560e+19 5.192775e+04 -1.990952e+05
Star0490 1.476222e+30 -8.139416e+19 6.072482e+19 -8.671035e+04 -1.139865e+05
Star0491 3.897585e+30 -5.022923e+19 -8.595230e+19 1.629324e+05 -9.729708e+04
Star0492 5.975732e+29 1.110812e+20 -1.751688e+20 1.860148e+05 1.151579e+05
Star0493 6.091635e+30 -8.240864e+18 -1.821257e+19 1.105564e+05 -4.990131e+04
Star0494 1.599004e+30 1.675218e+20 -5.517182e+19 6.567757e+04 1.951871e+05
Star0495 1.291112e+30 -7.712860e+18 1.226097e+20 -2.025000e+05 -1.122999e+04
Star0496 1.119024e+30 -5.512316e+19 -3.611928e+19 7.552651e+04 -1.117326e+05
Star0497 1.398725e+30 1.634924e+19 7.415646e+18 -2.372887e+04 7.712945e+04
Star0498 2.233011e+30 1.359851e+20 1.201583e+19 -1.410592e+04 2.134508e+05
Star0499 3.207561e+30 -4.859574e+19 4.840627e+19 -9.282268e+04 -9.331109e+04
Star0500 3.208741e+30 6.927116e+19 -4.011164e+19 8.129007e+04 1.456561e+05
Star0501 7.114667e+30 -8.274581e+19 5.196575e+19 -9.193439e+04 -1.437872e+05
Star0502 2.299340e+30 3.125254e+18 -1.118199e+20 1.524862e+05 3.299092e+03
Star0503 2.054416e+30 9.000809e+19 -2.176661e+19 4.014675e+04 1.672183e+05
Star0504 1.863928e+30 -1.266869e+19 2.493607e+19 -7.742208e+04 -3.912426e+04
Star0505 3.837420e+30 1.132038e+20 2.251894e+20 -1.974803e+05 1.004032e+05
Star0506 1.129202e+30 2.389917e+18 -6.180572e+17 5.512916e+03 6.544144e+04
Star0507 3.950387e+30 5.245798e+19 8.656355e+19 -1.430829e+05 9.004511e+04
Star0508 3.289654e+30 -3.950726e+19 -4.794791e+19 9.061000e+04 -7.626888e+04
Star0509 3.686537e+30 -3.892038e+19 5.135535e+19 -1.329932e+05 -1.011533e+05
Star0510 1.830382e+30 1.291943e+20 2.277644e+19 -3.796027e+04 2.197849e+05
Star0511 2.324223e+30 3.255514e+19 -1.736362e+20 2.200303e+05 4.200263e+04
Star0512 1.628359e+30 5.663117e+18 2.447009e+19 -6.114149e+04 5.457548e+03
Star0513 2.667233e+30 -3.165053e+20 2.298276e+20 -1.238489e+05 -1.682669e+05
Star0514 8.831714e+29 5.803401e+19 -4.431481e+19 9.442280e+04 1.285343e+05
Star0515 4.555106e+30 -1.108889e+20 -3.101117e+20 2.361952e+05 -8.568360e+04
Star0516 1.353935e+30 3.312613e+19 3.035196e+18 -1.469404e+04 8.422144e+04
Star0517 8.340457e+29 -8.253280e+18 6.125970e+18 -3.391927e+04 -4.679534e+04
Star0518 1.224795e+30 -1.204839e+19 -1.135873e+19 4.211392e+04 -4.262874e+04
Star0519 2.352909e+30 -1.036255e+19 1.440562e+19 -8.731181e+04 -5.526189e+04
Star0520 1.711591e+30 -4.995459e+19 -7.359839e+19 1.363543e+05 -9.684626e+04
Star0521 4.030232e+30 1.123770e+20 -3.382715e+19 6.598896e+04 2.145853e+05
Star0522 7.145203e+29 -1.323119e+20 1.205197e+20 -1.338804e+05 -1.446336e+05
Star0523 3.246471e+30 -4.708054e+18 -1.076645e+20 1.697016e+05 -1.588055e+03
Star0524 2.496699e+30 3.954775e+19 7.686710e+19 -1.415613e+05 7.215167e+04
Star0525 1.230155e+30 2.727571e+19 7.207877e+19 -1.423007e+05 5.363128e+04
Star0526 6.834087e+30 1.045032e+20 1.827381e+20 -1.737205e+05 1.006962e+05
Star0527 1.355085e+30 3.282470e+17 2.687495e+20 -1.787012e+05 8.377043e+02
Star0528 1.021606e+30 -3.615294e+19 -1.031130e+20 2.217384e+05 -8.597842e+04
Star0529 4.484167e+30 1.363762e+20 -1.659072e+19 1.783309e+04 1.676086e+05
Star0530 1.144555e+30 -2.824132e+19 3.814613e+18 -1.672925e+04 -1.044740e+05
Star0531 1.148544e+30 -5.199099e+17 1.251475e+19 -5.533992e+04 -2.796909e+03
Star0532 8.958678e+29 1.784522e+19 -1.532205e+20 1.923575e+05 2.211524e+04
Star0533 1.663618e+30 1.485418e+20 -2.741979e+20 2.054262e+05 1.084087e+05
Star0534 2.025184e+30 3.843146e+19 -4.934439e+19 1.142595e+05 8.386579e+04
Star0535 5.212034e+30 -2.173872e+19 1.079913e+19 -2.874489e+04 -6.678792e+04
Star0536 1.327353e+30 -1.709141e+20 -1.376782e+20 1.448356e+05 -1.788687e+05
Star0537 2.068610e+30 -3.183700e+20 -2.202923e+20 1.120803e+05 -1.534349e+05
Star0538 2.135210e+30 7.955901e+18 4.252834e+19 -1.475718e+05 1.833239e+04
Star0539 3.026874e+30 -2.069899e+20 1.068951e+20 -8.560514e+04 -1.660781e+05
Star0540 2.072232e+30 -2.986908e+19 1.309734e+19 -1.611693e+04 -5.378956e+04
Star0541 5.284333e+30 1.520972e+20 -1.202470e+20 1.312814e+05 1.568974e+05
Star0542 1.020712e+30 -2.146596e+19 -1.399275e+20 1.970593e+05 -2.758830e+04
Star0543 4.958057e+30 3.894467e+20 2.808823e+19 -1.699660e+04 2.263457e+05
Star0544 2.187847e+30 -1.516445e+20 -5.153063e+19 7.043676e+04 -2.156982e+05
Star0545 2.851356e+30 1.112351e+20 -5.202446e+18 2.547499e+03 1.536833e+05
Star0546 2.104623e+30 -8.672420e+18 -6.639501e+18 5.225231e+04 -4.613217e+04
Star0547 2.905200e+30 4.976040e+19 -4.801277e+19 1.171547e+05 1.173594e+05
Star0548 2.875096e+30 -1.831724e+19 -2.152148e+19 1.099505e+05 -7.728142e+04
Star0549 6.653990e+29 -1.124570e+19 1.021753e+19 -3.245081e+04 -4.524634e+04
Star0550 3.171337e+30 6.876743e+19 2.718500e+19 -5.832773e+04 1.493148e+05
Star0551 2.162258e+30 -1.511324e+20 -1.849194e+20 1.469536e+05 -1.193788e+05
Star0552 2.521781e+30 1.465396e+20 -3.713523e+18 3.467979e+03 2.001492e+05
Star0553 8.943014e+30 -2.348198e+20 -6.641991e+19 5.270262e+04 -1.949939e+05
Star0554 7.035959e+30 1.880499e+20 1.366224e+20 -1.410336e+05 1.976966e+05
Star0555 1.346064e+30 2.236492e+19 1.495902e+19 -6.797589e+04 8.948761e+04
Star0556 3.376065e+30 1.969961e+19 1.221034e+19 -6.022831e+04 1.009873e+05
Star0557 1.562101e+30 -8.031839e+19 4.901000e+18 -1.294937e+04 -1.447876e+05
Star0558 5.503752e+30 1.091126e+20 -2.419595e+19 3.194340e+04 1.671699e+05
Star0559 7.442532e+29 -4.313232e+19 4.780631e+19 -1.106861e+05 -1.009627e+05
Star0560 1.291196e+30 -4.936025e+20 -1.022597e+19 9.776905e+03 -2.121558e+05
Star0561 1.592393e+30 9.573808e+18 2.072325e+20 -2.266536e+05 1.541925e+04
Star0562 6.422086e+29 1.164582e+20 1.602010e+20 -1.494130e+05 1.108558e+05
Star0563 1.157148e+30 -4.748143e+19 1.968856e+20 -1.973419e+05 -5.310490e+04
Star0564 1.378023e+30 1.440307e+20 -1.551050e+19 2.045211e+04 1.910119e+05
Star0565 3.546246e+30 3.320270e+19 -5.397971e+19 1.111801e+05 7.105027e+04
Star0566 1.755725e+30 -6.521325e+19 -9.471756e+18 2.004642e+04 -1.360171e+05
Star0567 1.183035e+30 1.099006e+20 9.288234e+18 -1.398091e+04 1.595439e+05
Star0568 2.561424e+30 5.791651e+19 4.091743e+20 -2.566476e+05 3.957309e+04
Star0569 1.351282e+30 -3.626738e+19 2.244584e+20 -2.074011e+05 -3.807509e+04
Star0570 9.838855e+29 1.242799e+20 -6.822749e+17 8.740894e+02 1.815550e+05
Star0571 6.763107e+30 -1.196158e+20 5.276815e+19 -7.610109e+04 -1.749524e+05
Star0572 2.004053e+30 -7.822642e+18 -2.481546e+18 2.943812e+04 -6.089429e+04
Star0573 1.723831e+30 8.238516e+19 6.421611e+19 -1.219796e+05 1.537491e+05
Star0574 2.371118e+30 -8.683965e+19 2.412730e+19 -4.855856e+04 -1.751411e+05
Star0575 4.665917e+30 -1.413809e+19 6.024680e+19 -1.110957e+05 -2.629156e+04
Star0576 2.769559e+30 1.125956e+20 2.543245e+19 -4.533367e+04 1.985881e+05
Star0577 1.653139e+31 3.513990e+19 9.443740e+19 -1.999010e+05 7.288886e+04
Star0578 4.386968e+29 -9.232668e+18 1.201395e+19 -3.879114e+04 -3.415303e+04
Star0579 3.711071e+30 -1.103354e+20 -3.208864e+20 2.171585e+05 -7.800319e+04
Star0580 1.108194e+30 1.684001e+20 6.914059e+19 -8.154720e+04 1.996507e+05
Star0581 1.183035e+30 1.023070e+19 1.176027e+20 -2.178364e+05 2.017025e+04
Star0582 9.856375e+30 2.059395e+18 -1.004090e+20 1.766815e+05 5.392127e+03
Star0583 1.565740e+30 -1.074634e+20 -2.138648e+20 1.712909e+05 -8.243426e+04
Star0584 8.643181e+29 -5.683767e+19 -5.936080e+19 1.155180e+05 -1.056811e+05
Star0585 2.809519e+30 2.335805e+20 -1.965768e+19 1.817980e+04 2.219588e+05
Star0586 3.306188e+30 -1.735073e+20 -1.015548e+20 9.936651e+04 -1.749992e+05
Star0587 2.808084e+30 -9.070477e+18 4.112785e+18 -1.863535e+04 -5.307747e+04
Star0588 2.135775e+30 4.754935e+20 8.133949e+19 -4.585042e+04 2.400754e+05
Star0589 2.953408e+30 1.806528e+19 -4.221053e+18 3.073335e+04 9.295404e+04
Star0590 4.944422e+30 -4.484971e+18 -2.106962e+19 1.353985e+05 -2.901869e+04
Star0591 1.904941e+30 1.056101e+20 -3.020012e+19 4.690113e+04 1.548572e+05
Star0592 4.504385e+30 -4.007162e+18 3.598316e+19 -1.010821e+05 -7.916475e+03
Star0593 6.025174e+29 2.131182e+20 -3.287725e+20 1.920460e+05 1.287575e+05
Star0594 3.758906e+30 4.101320e+18 3.706311e+19 -1.312919e+05 2.964150e+04
Star0595 2.288733e+30 5.957640e+19 -1.452191e+20 1.605677e+05 6.613917e+04
Star0596 5.079836e+30 2.376230e+19 2.829253e+18 -6.292819e+03 7.912867e+04
Star0597 1.471320e+30 1.060793e+20 -2.502116e+20 2.122387e+05 8.827937e+04
Star0598 7.622673e+30 -1.524455e+20 5.075048e+19 -8.179356e+04 -2.384559e+05
Star0599 1.385747e+30 1.585235e+20 -5.718820e+18 9.613685e+03 1.720998e+05
Star0600 1.963703e+30 -2.402024e+19 -1.237001e+20 1.965020e+05 -4.011847e+04
Star0601 1.560364e+30 4.694983e+20 -1.527066e+20 7.347323e+04 2.281020e+05
Star0602 2.517016e+30 -2.051239e+20 -1.778453e+20 1.500058e+05 -1.710218e+05
Star0603 2.001594e+30 5.500461e+18 7.532885e+18 -1.440087e+05 1.262872e+05
Star0604 1.358572e+30 1.833674e+19 -2.667551e+19 4.313287e+04 2.738231e+04
Star0605 1.799125e+30 -1.867091e+19 6.713316e+18 -2.767183e+04 -7.725670e+04
Star0606 8.951360e+29 -1.505645e+20 -3.656142e+19 4.470521e+04 -1.869700e+05
Star0607 2.008935e+30 9.111598e+18 -1.747867e+19 8.671483e+04 5.131700e+04
Star0608 4.675794e+30 -1.582807e+20 1.989048e+20 -1.677506e+05 -1.338261e+05
Star0609 2.534172e+30 2.512525e+20 -2.702991e+20 1.613479e+05 1.479874e+05
Star0610 2.565454e+30 3.109120e+20 4.761652e+19 -3.096591e+04 1.939491e+05
Star0611 4.826126e+30 -3.269543e+20 7.118293e+19 -4.261447e+04 -1.948591e+05
Star0612 4.078804e+30 -1.502139e+20 1.018229e+19 -1.473776e+04 -2.295147e+05
Star0613 8.242858e+29 -1.504519e+20 8.437072e+18 -8.989664e+03 -1.862370e+05
Star0614 1.136012e+30 3.501321e+20 -1.470828e+20 7.206247e+04 1.878092e+05
Star0615 7.579974e+29 -1.101365e+20 -3.436232e+20 2.116847e+05 -6.544533e+04
Star0616 1.289521e+30 -1.228093e+19 3.348629e+18 -1.868864e+04 -6.358018e+04
Star0617 2.217286e+30 -3.413061e+19 -6.217140e+19 1.399152e+05 -7.780982e+04
Star0618 1.135404e+30 -5.293988e+19 -6.479819e+19 1.186715e+05 -9.490057e+04
Star0619 9.824572e+29 -1.622885e+20 -1.107853e+20 1.307761e+05 -1.914253e+05
Star0620 1.512770e+30 5.078294e+19 -1.369155e+20 1.685922e+05 6.568472e+04
Star0621 2.946695e+30 -1.040238e+20 -4.456699e+20 2.122331e+05 -4.852069e+04
Star0622 1.683763e+30 -1.620475e+20 -6.090002e+19 8.021420e+04 -2.146357e+05
Star0623 7.144968e+29 1.464741e+19 1.524425e+20 -2.241465e+05 2.192174e+04
Star0624 3.440461e+30 -7.100458e+19 -2.615244e+20 2.117510e+05 -6.004423e+04
Star0625 7.099815e+29 1.097701e+20 -1.228342e+20 1.541637e+05 1.361763e+05
Star0626 1.308715e+30 9.566045e+19 3.348570e+20 -2.071493e+05 6.042833e+04
Star0627 2.096997e+30 -9.817640e+19 3.078439e+19 -6.256039e+04 -1.988811e+05
Star0628 1.791755e+30 -2.154265e+20 -2.433528e+20 1.592046e+05 -1.364757e+05
Star0629 2.055870e+30 2.426778e+20 -2.452194e+20 1.641156e+05 1.595179e+05
Star0630 2.735351e+30 -1.522595e+20 2.217106e+20 -1.670054e+05 -1.162181e+05
Star0631 3.081135e+30 -1.476905e+20 -2.232717e+19 3.444252e+04 -2.257187e+05
Star0632 3.579310e+30 -6.801079e+19 -4.890016e+20 2.172335e+05 -2.802927e+04
Star0633 4.589001e+29 1.928529e+19 1.673003e+19 -1.318573e+05 1.246361e+05
Star0634 2.050249e+30 5.774370e+19 -5.582552e+19 9.215947e+04 9.831568e+04
Star0635 8.930116e+29 1.054688e+20 -4.877808e+19 8.213065e+04 1.749656e+05
Star0636 1.928397e+30 4.144455e+20 -1.984751e+20 1.143116e+05 2.211936e+05
Star0637 1.829325e+30 5.738697e+19 5.714389e+19 -1.179382e+05 1.139479e+05
Star0638 9.730289e+29 1.654683e+20 7.263191e+19 -8.174239e+04 1.942680e+05
Star0639 5.157254e+30 1.434922e+20 2.463143e+19 -3.638088e+04 1.824819e+05
Star0640 5.825457e+30 -3.760944e+19 -1.778403e+19 6.939738e+04 -1.353140e+05
Star0641 3.736741e+30 5.495024e+19 -3.811091e+19 7.245370e+04 1.006422e+05
Star0642 1.532902e+30 2.314673e+20 -2.613276e+20 1.865994e+05 1.688392e+05
Star0643 4.282069e+30 -3.573397e+19 5.308382e+19 -1.171427e+05 -7.918322e+04
Star0644 8.567059e+29 1.930222e+19 -1.854924e+20 2.024546e+05 2.385522e+04
Star0645 9.148917e+29 -1.899211e+20 -1.817368e+20 1.381911e+05 -1.483250e+05
Star0646 1.544113e+30 4.202178e+18 -3.133552e+17 1.765443e+04 5.639305e+04
Star0647 9.729015e+29 -1.474057e+20 -1.981873e+18 1.517227e+03 -1.997251e+05
Star0648 1.876590e+30 1.196732e+20 -4.374311e+19 7.016168e+04 1.890932e+05
Star0649 1.419943e+30 -6.715293e+16 -4.007841e+18 6.175465e+04 -4.495126e+03
Star0650 2.420879e+30 -7.184574e+19 -1.293822e+20 1.932769e+05 -1.108564e+05
Star0651 2.709057e+30 1.766968e+19 -2.143434e+20 1.969477e+05 1.865478e+04
Star0652 2.751076e+30 -3.503205e+19 5.826104e+19 -1.355322e+05 -8.149888e+04
Star0653 1.595592e+30 -4.470677e+19 -7.915223e+19 1.630912e+05 -9.101197e+04
Star0654 8.707221e+29 4.906200e+20 -5.513599e+19 2.294075e+04 2.033201e+05
Star0655 5.821998e+29 1.227522e+20 -2.208614e+20 1.621179e+05 9.058592e+04
Star0656 3.792071e+30 -2.848383e+19 1.277198e+19 -3.800432e+04 -5.191734e+04
Star0657 5.617011e+30 2.081153e+20 5.880430e+19 -5.952246e+04 2.217348e+05
Star0658 6.692946e+29 4.865533e+19 4.118950e+19 -1.007226e+05 1.113330e+05
Star0659 2.543784e+30 2.076259e+19 2.121310e+20 -2.211984e+05 1.802525e+04
Star0660 6.488594e+29 -3.844715e+20 2.317458e+20 -1.235926e+05 -2.068423e+05
Star0661 5.661563e+30 8.398980e+18 7.408041e+18 -6.492139e+04 5.733961e+04
Star0662 1.515752e+30 3.950480e+20 8.571258e+19 -4.733875e+04 2.189543e+05
Star0663 2.053380e+30 5.549065e+19 5.215041e+19 -1.023733e+05 1.071966e+05
Star0664 4.729456e+29 9.695761e+18 1.353044e+20 -2.077319e+05 1.677642e+04
Star0665 2.109485e+30 8.786273e+18 1.868014e+20 -2.228796e+05 1.314277e+04
Star0666 1.137182e+30 1.236496e+19 -1.373212e+20 1.861539e+05 2.142994e+04
Star0667 1.220939e+30 -6.748012e+19 -1.495956e+20 1.638663e+05 -7.243334e+04
Star0668 3.271949e+30 1.151686e+20 -3.008502e+20 2.304092e+05 8.783438e+04
Star0669 3.403668e+30 -4.493521e+19 5.214320e+19 -1.327930e+05 -1.162821e+05
Star0670 5.362522e+29 8.218336e+19 -7.596089e+19 1.115406e+05 1.205164e+05
Star0671 7.191395e+29 -2.129741e+20 -5.210369e+19 5.080873e+04 -2.089112e+05
Star0672 2.114735e+30 -3.735941e+19 5.795203e+19 -9.147162e+04 -6.408649e+04
Star0673 4.309932e+30 1.033750e+19 1.583994e+20 -2.345198e+05 1.883350e+04
Star0674 2.049513e+30 3.961060e+19 1.237051e+20 -1.979758e+05 6.709393e+04
Star0675 2.774005e+30 -8.621644e+19 1.375894e+19 -3.111264e+04 -1.871575e+05
Star0676 7.433162e+29 -1.753768e+18 2.921812e+19 -6.041804e+04 -1.739222e+04
Star0677 3.011385e+29 -9.338401e+19 7.987028e+18 -7.405328e+03 -1.296111e+05
Star0678 3.268871e+30 -3.010473e+19 -9.016331e+18 3.891901e+04 -7.530038e+04
Star0679 6.588847e+30 6.608921e+19 1.418726e+20 -1.866578e+05 9.150865e+04
Star0680 3.318474e+30 3.339533e+20 -9.903716e+19 5.924386e+04 1.983585e+05
Star0681 4.626122e+30 -2.098406e+19 -1.189826e+19 5.528248e+04 -1.034318e+05
Star0682 8.630145e+29 1.134147e+20 -5.876150e+19 8.348143e+04 1.581468e+05
Star0683 1.559974e+30 3.135010e+20 -6.544344e+19 4.468589e+04 2.098219e+05
Star0684 1.235830e+30 -4.839979e+18 4.190906e+18 -3.718821e+04 -4.094272e+04
Star0685 5.787545e+30 -2.967062e+20 -2.049165e+20 1.209295e+05 -1.715223e+05
Star0686 4.083984e+30 1.389233e+20 2.467891e+18 3.685846e+03 1.803576e+05
Star0687 1.740860e+30 6.411117e+19 -2.153691e+20 1.884823e+05 5.019953e+04
Star0688 7.278452e+29 -1.977200e+20 -2.673992e+20 1.811780e+05 -1.313994e+05
Star0689 1.280464e+30 3.678004e+19 -6.395481e+18 1.043188e+04 5.805918e+04
Star0690 2.744632e+30 -2.990257e+19 -1.324448e+20 2.035134e+05 -4.690250e+04
Star0691 1.617462e+30 2.306449e+19 9.997464e+19 -1.780379e+05 4.772433e+04
Star0692 9.290613e+29 3.505330e+20 1.289611e+20 -7.050885e+04 1.948700e+05
Star0693 1.453556e+30 1.530408e+19 1.812190e+20 -2.117884e+05 2.320223e+04
Star0694 1.783075e+30 2.151388e+20 -1.266625e+19 1.434608e+04 2.438365e+05
Star0695 2.031749e+30 2.214635e+20 9.767297e+19 -7.194615e+04 1.650670e+05
Star0696 1.350397e+30 -2.393152e+20 3.626653e+18 -2.273063e+03 -2.087508e+05
Star0697 3.113494e+30 4.826434e+18 -1.135397e+19 6.017184e+04 2.073587e+04
Star0698 6.688002e+30 1.511047e+20 -9.320102e+18 9.213670e+03 1.959357e+05
Star0699 2.962544e+30 -5.556601e+19 -9.416436e+19 1.528328e+05 -8.950255e+04
Star0700 3.133686e+30 -8.923140e+19 2.762366e+19 -4.669485e+04 -1.526816e+05
Star0701 9.108802e+30 3.914380e+19 1.016327e+20 -1.996682e+05 8.042329e+04
Star0702 7.028239e+30 -5.744903e+19 1.717339e+20 -2.317313e+05 -7.860711e+04
Star0703 1.451162e+30 -4.024016e+19 1.809336e+19 -6.406553e+04 -1.494667e+05
Star0704 1.274814e+30 4.920682e+20 -4.021099e+19 1.747722e+04 2.093315e+05
Star0705 4.247948e+30 -1.160238e+20 1.878112e+20 -1.838042e+05 -1.126700e+05
Star0706 4.529110e+29 1.351335e+18 -5.317471e+18 8.721696e+04 1.165967e+04
Star0707 5.737963e+30 3.552900e+20 -2.386054e+20 1.208859e+05 1.802558e+05
Star0708 1.975195e+30 1.112091e+20 -3.971365e+19 6.623823e+04 1.932105e+05
Star0709 2.206335e+30 3.719109e+20 -3.247003e+20 1.323598e+05 1.492849e+05
Star0710 7.347400e+29 -1.113994e+19 -1.286978e+19 6.231433e+04 -5.755678e+04
Star0711 2.424714e+30 5.076930e+19 5.621976e+19 -1.216427e+05 1.102049e+05
Star0712 4.564353e+30 1.130203e+18 8.663595e+18 -7.218829e+04 -1.790650e+03
Star0713 1.889414e+30 1.172994e+19 -1.592965e+20 1.780711e+05 1.396734e+04
Star0714 1.138959e+30 3.418681e+20 6.633887e+19 -3.446729e+04 1.772643e+05
Star0715 1.396196e+30 -3.787566e+18 3.628780e+19 -6.330620e+04 4.204848e+03
Star0716 5.304435e+30 2.363400e+20 4.334644e+20 -2.074412e+05 1.139997e+05
Star0717 1.448547e+30 2.535799e+19 7.117020e+19 -1.229392e+05 4.095506e+04
Star0718 8.564628e+29 -2.679798e+20 1.194500e+20 -9.211252e+04 -2.204534e+05
Star0719 8.608769e+29 1.268161e+20 -3.652560e+19 4.794181e+04 1.569667e+05
Star0720 1.049084e+30 1.887602e+20 3.719181e+19 -3.912815e+04 2.079327e+05
Star0721 1.143590e+30 1.647532e+20 2.852530e+19 -3.098791e+04 1.860071e+05
Star0722 1.872505e+30 5.664454e+19 -4.697749e+19 1.084144e+05 1.245821e+05
Star0723 2.456732e+30 4.991400e+18 4.482679e+18 -5.317597e+04 5.774292e+04
Star0724 1.932006e+30 2.669267e+20 1.485985e+20 -9.529222e+04 1.712294e+05
Star0725 1.120911e+30 1.192815e+20 -1.358912e+20 1.817423e+05 1.573938e+05
Star0726 3.613601e+29 -2.125851e+18 -6.019199e+18 5.466231e+04 -1.414432e+04
Star0727 4.163142e+29 2.772707e+19 -1.821913e+20 2.065650e+05 3.100792e+04
Star0728 2.463764e+30 4.146343e+19 -2.828750e+20 2.255170e+05 3.259737e+04
Star0729 1.172478e+30 -3.554887e+20 1.635265e+20 -7.671197e+04 -1.720734e+05
Star0730 1.849905e+30 -2.840140e+20 -2.733807e+19 1.836926e+04 -1.963312e+05
Star0731 2.749005e+30 -1.290822e+20 3.051300e+17 4.366668e+03 -2.026131e+05
Star0732 1.036052e+30 5.435989e+19 -5.308049e+19 1.153091e+05 1.157825e+05
Star0733 8.768498e+29 -1.384748e+20 -3.037776e+19 3.883237e+04 -1.861244e+05
Star0734 1.297239e+30 -6.813134e+19 4.776300e+19 -9.735975e+04 -1.461475e+05
Star0735 4.105308e+30 2.081605e+18 2.095020e+18 -4.456436e+04 4.089268e+04
Star0736 8.879532e+29 -2.032652e+20 -1.195914e+20 1.005391e+05 -1.678324e+05
Star0737 1.431024e+30 3.043944e+19 5.627112e+19 -1.066858e+05 6.015367e+04
Star0738 4.977648e+30 1.831682e+20 9.345456e+19 -9.116649e+04 1.799649e+05
Star0739 2.013193e+30 -5.527852e+19 -6.337459e+19 1.091216e+05 -9.319455e+04
Star0740 4.636044e+29 2.567314e+19 -1.077869e+20 1.656816e+05 4.151397e+04
Star0741 5.491754e+29 -6.767908e+19 2.072709e+20 -1.998057e+05 -7.079238e+04
Star0742 2.345195e+30 -2.077856e+18 -2.025731e+20 2.178090e+05 -6.155671e+03
Star0743 1.546522e+30 -6.480087e+19 5.746457e+19 -1.102139e+05 -1.232960e+05
Star0744 4.183300e+30 7.128879e+19 -4.690033e+19 9.459425e+04 1.461187e+05
Star0745 1.923231e+30 7.292879e+19 -1.828889e+20 1.786741e+05 7.258857e+04
Star0746 1.118934e+30 5.311911e+18 -7.306990e+19 1.321886e+05 1.327126e+04
Star0747 4.096508e+30 4.805405e+20 -1.132642e+20 4.909050e+04 2.030878e+05
Star0748 1.007720e+30 -1.273571e+19 -2.275283e+19 5.363693e+04 -2.107997e+04
Star0749 2.647208e+30 3.676870e+20 -1.774525e+20 8.757929e+04 1.843461e+05
Star0750 1.132300e+30 1.166161e+20 6.134633e+18 -6.380582e+03 1.870133e+05
Star0751 7.722056e+29 -1.657985e+20 -2.450575e+20 1.979560e+05 -1.387165e+05
Star0752 3.256616e+30 1.140585e+20 -1.806953e+19 3.974589e+04 2.132531e+05
Star0753 1.408988e+30 2.438399e+19 1.090897e+20 -1.916290e+05 4.061447e+04
Star0754 1.085728e+30 -5.879776e+19 6.927308e+19 -1.253576e+05 -1.054006e+05
Star0755 1.385782e+30 -1.166050e+20 -1.157570e+19 1.754660e+04 -1.691436e+05
Star0756 8.277318e+29 -7.058051e+16 1.049187e+19 -6.395483e+04 -1.523027e+02
Star0757 2.417213e+30 -2.834985e+19 4.011492e+18 -5.169565e+03 -6.703698e+04
Star0758 9.776472e+29 6.101301e+19 -6.569891e+19 1.405879e+05 1.326903e+05
Star0759 8.473633e+29 8.005479e+19 -4.546690e+19 7.897039e+04 1.321172e+05
Star0760 7.531779e+30 -1.803061e+20 -1.979455e+18 8.145316e+03 -2.373331e+05
Star0761 1.171504e+30 5.490220e+19 -3.346067e+19 6.469333e+04 1.112912e+05
Star0762 1.518387e+30 6.547904e+19 -2.337644e+20 2.224420e+05 6.553829e+04
Star0763 3.539596e+30 1.935039e+19 -1.037741e+20 1.746046e+05 3.338753e+04
Star0764 1.255187e+30 -1.196784e+20 1.924476e+20 -1.781715e+05 -1.136503e+05
Star0765 3.980655e+30 6.894830e+19 1.204269e+20 -1.945721e+05 1.080686e+05
Star0766 7.282722e+29 -1.026340e+20 2.365326e+20 -2.125451e+05 -9.260514e+04
Star0767 1.230775e+30 -4.891819e+19 5.821178e+19 -1.095919e+05 -8.987130e+04
Star0768 1.249605e+30 1.026210e+19 1.415865e+19 -6.044835e+04 5.687004e+04
Star0769 2.692195e+30 -1.123019e+20 1.526443e+20 -1.429545e+05 -1.064561e+05
Star0770 4.638285e+30 1.306341e+19 2.417844e+19 -4.338832e+04 2.291134e+04
Star0771 3.937289e+30 3.326584e+19 1.722291e+20 -1.970561e+05 3.523315e+04
Star0772 9.833160e+29 -6.297081e+19 -1.248458e+20 1.607430e+05 -7.468820e+04
Star0773 1.282396e+30 -3.097316e+19 -9.425243e+19 1.598034e+05 -5.023901e+04
Star0774 1.472941e+30 -1.250099e+20 8.152313e+19 -1.135087e+05 -1.695490e+05
Star0775 4.695392e+29 -1.640846e+20 2.533932e+20 -1.934594e+05 -1.190413e+05
Star0776 2.424841e+30 1.409415e+20 -3.658364e+19 5.016060e+04 1.971523e+05
Star0777 4.517777e+30 1.272465e+20 -2.531292e+20 1.986524e+05 1.022559e+05
Star0778 5.036451e+29 4.404218e+19 -1.955570e+20 2.158190e+05 4.741047e+04
Star0779 9.124956e+29 9.254247e+19 -1.392475e+19 2.865018e+04 1.643054e+05
Star0780 1.207237e+30 -5.209412e+19 4.089315e+19 -9.385690e+04 -1.202220e+05
Star0781 6.413452e+29 6.492790e+19 3.842507e+19 -6.477012e+04 1.056809e+05
Star0782 1.889994e+30 8.203193e+19 -5.460306e+19 8.585736e+04 1.341241e+05
Star0783 2.067701e+30 -1.237234e+20 -4.428195e+19 7.031782e+04 -1.756279e+05
Star0784 3.709053e+30 1.548438e+20 -1.684987e+20 1.742990e+05 1.664451e+05
Star0785 7.514652e+29 1.057353e+19 1.931303e+18 -3.261324e+03 7.696691e+04
Star0786 1.325783e+30 4.996137e+19 -6.225546e+19 1.215799e+05 9.390701e+04
Star0787 5.483847e+30 -2.430853e+20 -7.868063e+19 6.827856e+04 -2.177578e+05
Star0788 1.733593e+30 4.053068e+19 5.156987e+19 -1.121094e+05 8.337897e+04
Star0789 7.982749e+29 1.650887e+19 -6.028169e+19 1.653787e+05 4.391472e+04
Star0790 4.328543e+30 -5.745422e+19 5.818497e+19 -1.038233e+05 -1.062219e+05
Star0791 1.569137e+30 -8.194018e+19 -3.406446e+20 2.083551e+05 -5.181719e+04
Star0792 1.781405e+30 -8.157011e+19 1.727635e+20 -1.880462e+05 -8.718187e+04
Star0793 1.462634e+30 2.225438e+20 2.503096e+20 -1.514761e+05 1.405760e+05
Star0794 3.266592e+30 -1.921660e+20 -3.603029e+18 2.765120e+03 -2.033361e+05
Star0795 1.495758e+30 1.547022e+20 3.666245e+20 -2.200629e+05 8.989061e+04
Star0796 1.735272e+30 -6.274464e+19 -3.396617e+19 7.119373e+04 -1.363807e+05
Star0797 1.816843e+30 2.167947e+20 -3.245813e+19 3.443322e+04 2.124917e+05
Star0798 1.053220e+30 -3.148774e+20 1.298937e+20 -8.055804e+04 -1.908232e+05
Star0799 6.538355e+30 -4.058688e+20 1.199184e+19 2.198791e+02 -2.086693e+05
Star0800 3.772988e+30 -1.330533e+20 2.789297e+18 -1.796130e+03 -1.973071e+05
Star0801 6.733707e+30 1.360568e+20 1.147381e+20 -1.305169e+05 1.566136e+05
Star0802 2.956413e+30 3.839154e+19 7.960462e+19 -1.277274e+05 6.109772e+04
Star0803 5.057866e+30 -2.556929e+19 1.190169e+18 -1.444251e+04 -1.322740e+05
Star0804 2.397760e+30 2.593323e+20 2.091805e+20 -1.421931e+05 1.745774e+05
Star0805 1.640270e+30 -3.776177e+20 -2.434348e+20 1.228866e+05 -1.930889e+05
Star0806 5.673742e+30 -8.259589e+19 1.864508e+19 -3.173755e+04 -1.386110e+05
Star0807 4.251107e+30 1.415222e+20 -3.913130e+19 4.951237e+04 1.813672e+05
Star0808 2.620289e+30 -1.657471e+20 -1.856263e+20 1.736421e+05 -1.543066e+05
Star0809 4.940490e+29 -1.739754e+18 -1.757849e+19 6.668949e+04 -6.001864e+02
Star0810 2.806757e+30 5.175723e+19 -5.098673e+19 1.314399e+05 1.283666e+05
Star0811 2.017141e+30 6.561822e+18 1.211972e+18 -1.145578e+04 5.081334e+04
Star0812 2.041469e+30 -2.050238e+19 2.457035e+19 -4.422659e+04 -3.640039e+04
Star0813 1.656498e+30 1.137053e+20 1.318244e+19 -2.529732e+04 1.830068e+05
Star0814 3.598449e+30 3.585279e+20 -2.523387e+20 1.368456e+05 1.883933e+05
Star0815 4.155174e+30 -3.772925e+19 -9.362400e+19 1.593802e+05 -6.446528e+04
Star0816 8.723982e+29 1.594770e+20 3.201277e+19 -3.654502e+04 1.811996e+05
Star0817 1.147825e+31 -1.335235e+19 1.337833e+20 -1.975904e+05 -1.929674e+04
Star0818 2.620186e+30 5.533325e+19 -5.881912e+19 1.256385e+05 1.199318e+05
Star0819 1.019605e+30 3.759128e+20 -5.489070e+19 3.246677e+04 2.019419e+05
Star0820 7.462808e+29 2.243489e+20 -3.084135e+20 1.716144e+05 1.253950e+05
Star0821 9.880044e+29 1.546656e+19 6.636686e+18 -1.541161e+04 6.424353e+04
Star0822 2.094284e+30 3.017954e+20 -1.956925e+20 1.149271e+05 1.769965e+05
Star0823 1.238469e+30 -7.102443e+19 7.033361e+19 -1.046050e+05 -1.082756e+05
Star0824 9.522457e+29 4.252326e+19 1.282084e+20 -2.048529e+05 7.205925e+04
Star0825 1.708524e+30 1.135801e+19 -2.101483e+18 1.807723e+04 6.729492e+04
Star0826 1.137839e+30 -1.262708e+20 2.597437e+19 -4.555446e+04 -2.086070e+05
Star0827 4.210461e+30 -1.427357e+19 1.551298e+20 -1.843140e+05 -2.467337e+04
Star0828 2.245783e+30 2.143344e+20 1.075783e+20 -9.893635e+04 1.985662e+05
Star0829 2.052163e+30 1.329941e+20 -1.824627e+20 1.689200e+05 1.259625e+05
Star0830 2.585088e+30 -6.212283e+18 1.874759e+19 -1.030189e+05 -2.790437e+04
Star0831 2.280621e+30 -1.570401e+20 -7.856993e+19 9.730397e+04 -2.011466e+05
Star0832 2.174113e+30 5.202492e+19 -7.478512e+19 1.420220e+05 9.371361e+04
Star0833 1.033437e+30 1.911005e+20 4.552237e+20 -1.813763e+05 8.038439e+04
Star0834 1.019805e+30 -7.662045e+19 3.303043e+19 -5.643989e+04 -1.259491e+05
Star0835 2.627649e+30 5.412529e+19 8.206190e+19 -1.624849e+05 1.040573e+05
Star0836 9.708351e+29 1.675107e+20 1.066201e+19 -9.001235e+03 1.540901e+05
Star0837 1.130848e+30 7.247668e+19 5.418533e+19 -9.161222e+04 1.321851e+05
Star0838 1.990328e+30 -1.852341e+20 9.194488e+18 -8.380168e+03 -2.208391e+05
Star0839 6.018067e+29 2.087607e+20 -1.839574e+19 1.902724e+04 2.309412e+05
Star0840 3.477539e+30 7.204085e+19 6.439737e+19 -1.043930e+05 1.235643e+05
Star0841 5.095443e+30 -3.513716e+19 9.058599e+19 -1.730890e+05 -6.792636e+04
Star0842 2.032858e+30 -3.109851e+19 1.962492e+20 -2.096237e+05 -2.837194e+04
Star0843 2.595539e+30 1.538148e+20 8.839083e+18 -8.540390e+03 1.836348e+05
Star0844 1.005554e+31 -7.303388e+19 3.243112e+19 -5.976939e+04 -1.428554e+05
Star0845 8.683328e+29 1.266779e+20 3.259784e+19 -4.922731e+04 1.816798e+05
Star0846 1.924067e+30 -1.019413e+20 -1.316780e+20 1.760446e+05 -1.337140e+05
Star0847 6.381240e+30 -9.086778e+18 -1.534420e+18 1.417538e+04 -6.011548e+04
Star0848 1.734721e+30 -2.492860e+20 -8.742801e+19 7.372958e+04 -2.178963e+05
Star0849 1.509621e+30 6.842117e+19 -1.586928e+20 1.798467e+05 7.842830e+04
Star0850 5.345864e+29 -3.582371e+20 3.397266e+20 -1.484699e+05 -1.598363e+05
Star0851 1.028325e+30 -4.733279e+20 1.403878e+20 -6.455036e+04 -2.062416e+05
Star0852 8.644217e+29 -2.114634e+19 1.345932e+19 -3.942064e+04 -4.440518e+04
Star0853 1.045105e+31 6.367614e+19 -4.472204e+19 9.278902e+04 1.346818e+05
Star0854 3.410320e+30 -2.878456e+19 -3.863981e+20 2.057393e+05 -1.453220e+04
Star0855 2.344509e+30 -4.038024e+19 -1.785340e+20 2.064597e+05 -4.807772e+04
Star0856 3.237627e+30 -1.606907e+20 -1.205144e+20 1.415372e+05 -1.877198e+05
Star0857 1.763035e+30 -1.021665e+20 1.347586e+20 -1.659224e+05 -1.226137e+05
Star0858 2.343787e+30 -4.508438e+19 -6.213961e+19 1.271936e+05 -9.243962e+04
Star0859 9.279354e+29 5.594252e+19 2.640281e+19 -5.722089e+04 1.218239e+05
Star0860 2.371033e+30 -1.094146e+20 -1.470384e+19 2.253552e+04 -1.611460e+05
Star0861 1.207393e+30 1.875403e+20 8.490750e+19 -8.606149e+04 1.790841e+05
Star0862 2.735033e+30 1.193593e+20 -4.554971e+19 7.147065e+04 1.874726e+05
Star0863 1.445792e+30 -2.126375e+20 -9.967900e+19 9.424709e+04 -2.000620e+05
Star0864 1.045976e+30 3.363541e+19 -5.433478e+19 1.092878e+05 7.314079e+04
Star0865 3.007717e+30 -4.021243e+19 1.549372e+20 -2.029875e+05 -5.031965e+04
Star0866 1.597439e+30 -3.527576e+19 -5.668591e+19 1.435939e+05 -9.012429e+04
Star0867 3.700189e+30 -1.430266e+19 -2.160748e+19 6.155456e+04 -2.640860e+04
Star0868 2.695947e+30 -1.982856e+20 2.423218e+20 -1.654092e+05 -1.351684e+05
Star0869 4.196044e+30 -4.846480e+20 9.415036e+19 -4.526234e+04 -2.113979e+05
Star0870 8.441885e+29 -1.546808e+20 -6.800433e+19 7.655100e+04 -1.730376e+05
Star0871 3.034720e+30 -4.828376e+19 -7.801896e+19 1.375625e+05 -8.552236e+04
Star0872 9.765797e+29 3.589148e+20 1.512246e+20 -8.792594e+04 2.036910e+05
Star0873 3.471488e+29 2.161200e+19 1.665822e+18 -2.122306e+04 1.434232e+05
Star0874 5.905211e+29 5.885895e+19 3.675586e+19 -6.730156e+04 1.066393e+05
Star0875 1.683191e+30 -2.346456e+20 -1.143206e+20 9.940899e+04 -2.100717e+05
Star0876 2.643286e+30 -9.335143e+18 -1.833361e+19 7.054198e+04 -3.079536e+04
Star0877 4.720393e+30 7.997899e+19 8.324777e+19 -1.460902e+05 1.454663e+05
Star0878 1.710651e+30 -8.137103e+19 -4.103324e+20 2.603995e+05 -5.249265e+04
Star0879 1.322907e+30 -2.538657e+20 -1.534971e+20 1.140272e+05 -1.783184e+05
Star0880 2.144202e+30 -4.826131e+20 -1.040798e+20 3.840387e+04 -1.782587e+05
Star0881 2.140263e+30 -2.290178e+19 -7.380282e+19 1.533163e+05 -4.747605e+04
Star0882 2.469811e+30 -3.927379e+20 8.440831e+19 -4.297653e+04 -1.937595e+05
Star0883 2.875538e+30 -3.313707e+17 -1.946241e+20 2.399121e+05 9.733433e+02
Star0884 8.188601e+30 1.006208e+20 -3.719173e+19 6.305394e+04 1.732925e+05
Star0885 6.327999e+30 -9.499752e+19 2.932467e+19 -4.406937e+04 -1.395734e+05
Star0886 8.674352e+29 8.838304e+19 -3.708861e+19 6.492379e+04 1.563321e+05
Star0887 1.794226e+30 8.335734e+18 4.816420e+18 -3.392094e+04 7.023630e+04
Star0888 2.489403e+30 -7.576705e+18 -1.552199e+19 5.799377e+04 -2.615320e+04
Star0889 1.770502e+30 2.281668e+20 4.378218e+20 -1.955795e+05 9.898557e+04
Star0890 1.693048e+30 4.869019e+19 -5.648081e+19 1.080908e+05 9.781122e+04
Star0891 4.748027e+29 3.083333e+19 -1.054483e+19 2.031228e+04 6.886429e+04
Star0892 1.622869e+30 1.291270e+19 -3.141648e+19 1.139898e+05 5.489701e+04
Star0893 6.344711e+29 -3.020215e+20 2.323890e+20 -1.421229e+05 -1.910771e+05
Star0894 1.405278e+30 -4.451216e+19 -4.058200e+20 2.086735e+05 -1.899089e+04
Star0895 1.611748e+30 -1.996828e+18 -1.358447e+20 1.894038e+05 3.452343e+03
Star0896 2.359987e+30 -3.064160e+19 1.423941e+20 -2.079130e+05 -5.068063e+04
Star0897 2.655347e+30 1.368761e+19 2.152621e+18 -1.192956e+04 5.658597e+04
Star0898 1.231357e+30 -7.552515e+19 1.532955e+20 -1.762293e+05 -9.322449e+04
Star0899 2.629270e+30 1.701493e+20 1.270269e+20 -1.295550e+05 1.753680e+05
Star0900 2.379070e+30 9.174755e+18 2.601271e+19 -8.387866e+04 3.094271e+04
Star0901 3.450009e+30 6.638352e+19 -4.409846e+19 8.209758e+04 1.339311e+05
Star0902 9.150618e+30 -8.653918e+19 6.683765e+19 -1.225518e+05 -1.580303e+05
Star0903 1.637594e+30 4.566856e+20 -1.875801e+20 9.388048e+04 2.213291e+05
Star0904 1.008019e+30 1.761427e+20 9.622316e+19 -1.019628e+05 1.878646e+05
Star0905 5.099788e+29 4.434869e+19 -1.636789e+20 2.054379e+05 5.427913e+04
Star0906 1.120861e+30 1.110301e+19 3.129637e+19 -1.104486e+05 4.058568e+04
Star0907 1.404634e+30 -3.575774e+19 -1.033955e+20 1.740705e+05 -5.667883e+04
Star0908 2.413352e+30 -4.112264e+19 5.769922e+19 -1.220915e+05 -8.766437e+04
Star0909 1.642270e+30 2.039829e+20 -3.679399e+19 4.236467e+04 2.095541e+05
Star0910 5.167241e+30 -2.233985e+20 -9.461799e+18 5.895845e+03 -2.149994e+05
Star0911 4.051525e+30 2.780214e+20 4.079854e+20 -1.804737e+05 1.142827e+05
Star0912 1.595522e+30 5.903814e+19 2.125306e+19 -5.335036e+04 1.454131e+05
Star0913 1.628588e+30 7.045133e+19 -2.388695e+19 4.536733e+04 1.301544e+05
Star0914 2.106692e+30 9.016092e+18 -1.778516e+18 1.227712e+04 4.467865e+04
Star0915 4.730990e+30 1.179997e+20 -1.714330e+20 1.834226e+05 1.236667e+05
Star0916 1.194977e+30 -1.097224e+19 -1.059172e+19 2.863242e+04 -3.984759e+04
Star0917 1.313459e+30 3.188848e+20 3.067699e+19 -2.329981e+04 2.327481e+05
Star0918 2.559009e+30 2.716017e+19 1.829681e+20 -2.243550e+05 3.415092e+04
Star0919 1.678666e+30 1.931974e+20 1.159329e+20 -1.138939e+05 1.911071e+05
Star0920 2.625912e+30 -4.381267e+19 6.194603e+19 -9.345610e+04 -6.891038e+04
Star0921 2.495472e+30 1.174524e+19 -2.750148e+20 1.906714e+05 1.443428e+03
Star0922 4.736341e+30 -2.706061e+20 2.795264e+20 -1.621580e+05 -1.556429e+05
Star0923 6.143755e+29 -5.328416e+19 3.867633e+19 -8.114560e+04 -1.171700e+05
Star0924 2.089019e+30 -7.922204e+16 -2.467271e+18 5.379471e+04 -1.762531e+03
Star0925 8.679346e+29 1.069177e+20 5.461265e+18 -7.292368e+03 1.756298e+05
Star0926 2.065183e+30 -2.915821e+20 -7.305419e+19 4.471191e+04 -1.897017e+05
Star0927 2.161526e+30 -2.222457e+19 -1.300419e+20 1.790344e+05 -3.325342e+04
Star0928 1.750517e+30 8.828395e+19 -7.822241e+19 1.180344e+05 1.337420e+05
Star0929 1.476354e+30 8.191910e+18 1.010059e+20 -1.747180e+05 1.442571e+04
Star0930 1.037269e+30 -1.426142e+20 3.540933e+20 -2.044386e+05 -8.383615e+04
Star0931 2.121455e+30 1.424991e+20 1.135054e+19 -1.961089e+04 2.148835e+05
Star0932 6.152252e+29 -4.010053e+19 5.013260e+19 -1.207356e+05 -9.807587e+04
Star0933 6.404244e+30 -1.873241e+20 9.175662e+19 -1.028335e+05 -2.187160e+05
Star0934 2.406562e+30 -1.105946e+20 2.033525e+20 -1.842129e+05 -9.781970e+04
Star0935 1.772737e+30 5.209634e+16 1.755263e+19 -1.575929e+05 1.200889e+04
Star0936 1.168405e+30 1.130502e+20 -1.051947e+19 1.465774e+04 1.659304e+05
Star0937 1.214323e+30 -2.130077e+19 -8.985329e+18 2.829740e+04 -5.091438e+04
Star0938 6.148288e+29 -1.727306e+20 -1.610563e+20 1.354483e+05 -1.448400e+05
Star0939 4.128823e+29 -3.930500e+19 2.252608e+19 -7.437950e+04 -1.021916e+05
Star0940 5.348076e+30 4.892412e+19 6.817762e+19 -1.275217e+05 9.207352e+04
Star0941 7.079415e+29 -3.541494e+19 1.727226e+20 -2.122337e+05 -4.424784e+04
Star0942 1.944343e+30 -1.376419e+20 1.015225e+19 -1.166978e+04 -1.960867e+05
Star0943 9.639092e+29 -1.869642e+20 -2.173124e+19 2.668026e+04 -2.196552e+05
Star0944 7.518155e+29 -3.955306e+19 6.451403e+19 -1.345461e+05 -8.405641e+04
Star0945 4.813767e+29 3.898824e+19 1.352992e+20 -2.080804e+05 6.498519e+04
Star0946 1.793712e+30 5.495097e+19 -1.495607e+19 4.520819e+04 1.139958e+05
Star0947 1.053193e+31 -7.790096e+19 1.755029e+20 -1.971448e+05 -8.895758e+04
Star0948 4.345948e+30 -1.053929e+19 -1.036873e+19 4.348351e+04 -3.382279e+04
Star0949 2.264958e+30 6.229916e+19 4.173853e+19 -1.025134e+05 1.404627e+05
Star0950 1.454303e+30 1.166489e+20 -1.144564e+19 2.004043e+04 1.882038e+05
Star0951 7.199628e+29 -1.550385e+20 -4.682918e+19 6.618733e+04 -2.277864e+05
Star0952 1.280195e+30 5.485697e+18 -2.091648e+20 1.817649e+05 4.805113e+03
Star0953 6.873940e+29 -1.241866e+20 5.390764e+19 -8.442116e+04 -1.903267e+05
Star0954 1.548874e+30 -4.759211e+19 -1.248499e+20 1.812928e+05 -7.472087e+04
Star0955 1.986287e+30 1.902279e+20 9.285835e+19 -9.333217e+04 1.933251e+05
Star0956 2.262836e+30 -1.204813e+18 6.306401e+18 -6.283785e+04 -1.418242e+04
Star0957 4.050619e+30 -1.850405e+19 -3.454011e+19 6.614392e+04 -2.042510e+04
Star0958 1.216483e+30 1.786196e+19 -7.410746e+19 1.467227e+05 3.215494e+04
Star0959 1.368174e+30 -1.364764e+20 1.247444e+19 -1.828465e+04 -1.837345e+05
Star0960 2.359368e+30 -2.652834e+20 -1.024279e+20 7.732453e+04 -1.936586e+05
Star0961 1.485810e+30 1.398199e+20 -2.194200e+20 1.765518e+05 1.158440e+05
Star0962 2.954251e+30 1.767284e+19 4.933920e+20 -2.332683e+05 9.260522e+03
Star0963 1.656421e+30 1.997017e+20 7.386232e+19 -8.971208e+04 2.178632e+05
Star0964 1.522686e+30 -3.904596e+19 -1.187771e+20 2.024837e+05 -6.502838e+04
Star0965 8.791861e+29 1.906549e+19 2.002435e+20 -2.029437e+05 2.091172e+04
Star0966 6.778609e+29 1.073069e+20 -6.138356e+19 8.692473e+04 1.485644e+05
Star0967 2.831966e+30 6.601931e+19 -3.710751e+19 8.665347e+04 1.512947e+05
Star0968 6.608109e+29 -1.819177e+20 -8.275447e+19 8.966588e+04 -1.969045e+05
Star0969 1.046379e+30 9.691129e+19 -3.378143e+19 6.021418e+04 1.844553e+05
Star0970 4.499190e+30 -2.186197e+19 -1.145923e+20 1.875091e+05 -3.302508e+04
Star0971 1.896560e+30 9.734227e+19 -1.257705e+19 2.130257e+04 1.604672e+05
Star0972 4.822632e+30 -2.847194e+20 -9.421753e+19 7.379432e+04 -2.246734e+05
Star0973 2.764509e+30 1.189929e+20 -1.788238e+20 1.608364e+05 1.110248e+05
Star0974 5.037371e+29 4.199386e+19 7.594685e+19 -1.388205e+05 7.154142e+04
Star0975 1.303806e+30 9.973943e+19 -6.257042e+19 1.083803e+05 1.713841e+05
Star0976 5.860188e+30 -1.117997e+20 -2.323831e+19 3.527762e+04 -1.769868e+05
Star0977 1.791050e+30 3.451386e+20 -1.100829e+20 6.888404e+04 2.190881e+05
Star0978 1.234436e+30 -2.040961e+19 6.350372e+18 -3.518908e+04 -1.019370e+05
Star0979 5.376780e+30 4.594465e+18 -1.733816e+19 5.005427e+04 3.946071e+03
Star0980 1.118941e+30 4.175517e+18 2.602586e+19 -1.429570e+05 1.812348e+04
Star0981 1.914984e+30 -1.920291e+19 -1.390838e+19 6.091122e+04 -1.019544e+05
Star0982 3.244617e+30 9.354347e+18 2.415974e+18 -1.495052e+04 6.106948e+04
Star0983 1.974273e+30 -3.971534e+19 -9.636495e+19 1.836325e+05 -7.523433e+04
Star0984 4.449927e+30 -1.386515e+20 2.964941e+20 -1.963365e+05 -8.906245e+04
Star0985 1.160575e+30 2.471507e+20 1.376443e+20 -9.794394e+04 1.815085e+05
Star0986 7.584735e+30 7.517631e+17 -2.080742e+19 6.091186e+04 1.020821e+04
Star0987 1.480118e+30 -1.604035e+20 -1.313113e+20 1.318052e+05 -1.659834e+05
Star0988 3.270816e+30 4.782720e+20 1.224905e+20 -5.324099e+04 1.878697e+05
Star0989 2.103473e+30 1.286323e+20 1.121002e+19 -1.836616e+04 2.171615e+05
Star0990 1.072008e+30 2.139561e+20 -1.007794e+18 5.482774e+03 2.171902e+05
Star0991 4.448601e+30 -4.339413e+18 -5.224333e+19 1.285373e+05 -1.105341e+04
Star0992 2.044140e+30 2.705793e+18 -4.962845e+18 5.335550e+04 3.530398e+04
Star0993 2.207951e+30 -8.836618e+19 1.428829e+20 -1.678721e+05 -1.044536e+05
Star0994 1.410440e+30 3.630471e+20 9.462721e+19 -5.883998e+04 2.267937e+05
Star0995 3.330734e+30 -4.851879e+19 -6.426090e+19 1.266126e+05 -9.688790e+04
Star0996 1.292471e+30 -1.396514e+20 -2.695538e+17 4.908953e+02 -2.328026e+05
Star0997 4.830203e+30 -9.233796e+18 -2.008518e+18 1.354440e+04 -5.139148e+04
Star0998 6.388008e+30 -1.498444e+20 -9.243976e+18 1.442725e+04 -1.871796e+05
Star0999 4.069712e+30 -2.472113e+20 -1.838545e+18 2.273102e+03 -2.120995e+05
Star1000 9.133003e+29 2.157954e+20 5.145068e+19 -5.316069e+04 2.072840e+05
